1111110000111011
0000000100001111
0000001111011001
1111111001101100
0000000001100010
1111111101000111
0000001010111110
0000001011010010
0000000000011110
1111111101000110
0000000011011001
0000001001110010
1111110101111011
1111110010000101
0000001110111010
1111110110101111
1111111101101100
0000001000101101
0000000100001101
1111111100101000
1111110101100101
0000000110100001
1111110000011111
0000000110100010
0000001010111010
1111110001100000
0000001000101011
1111111011111011
1111110100000010
1111111000010011
1111111110101101
1111110110010010
1111111101000110
1111110101111100
0000001100000111
1111111011001000
1111111110111010
1111110000110010
1111110110011110
1111110011001101
0000000100000010
0000001100011001
0000000110110011
0000001011010000
0000000000001110
0000000010100110
0000000111111011
0000001000110011
1111110110110001
0000000110111000
0000000001000101
1111111100110110
1111110101000011
1111110010000011
1111110111111100
0000000010000100
1111111111001010
0000000001110000
0000001010010011
0000001011011010
1111111100010010
0000000110101000
1111110010000111
1111110001101010
1111110100000000
1111111100110001
0000000001110010
0000000001101001
0000000100001111
0000000001110000
1111111000110011
0000001110111101
0000001101001101
0000000101111000
0000000001000010
1111110111110100
1111111011001100
1111111111100111
0000001000000100
1111110110100100
0000000100000010
1111110000110101
1111110011010000
0000000100101010
1111110000101001
1111110010100110
0000000011111100
0000001101001101
0000000110111000
1111110001101010
0000000000000001
1111101011011001
0000001000011101
1111101001000101
1111110101011001
1111110000110010
1111110100010000
0000000110101100
1111111010011011
1111110101000011
1111110101000010
0000000010100000
0000001011100001
0000010011100100
1111110111110001
1111111010010100
0000010000101001
1111111011110111
0000001011111000
1111110100101100
1111110101111100
1111111010101010
0000000110000110
0000001111011001
0000000101110000
0000000110110000
1111111011011011
1111111110100001
0000000011010011
1111110001100100
1111101001011111
1111100000001010
1111101011011010
1111101011110101
1111101000000011
1111100110001001
1111111010010000
1111110001101000
1111111010111000
1111111010001111
1111111000000000
1111111111100101
1111111011110110
0000001001100010
0000000010000011
0000000101010011
1111111100100000
1111111010011000
1111111101000111
0000000010010110
0000000011010100
0000000110001010
0000001010110101
1111110011101100
1111111011001101
1111101101000011
1111101100101110
1111100101111000
1111101111110000
1111110000010100
1111110000001111
1111101111101000
0000000011000010
1111110000000101
0000000011000100
1111111010110000
1111110111000011
0000001010101000
0000000110010010
1111111011111001
0000001010000010
0000010000111100
0000001011111001
0000100100001111
0000001110110000
0000001000110111
1111110110001000
1111110110110101
0000000111001111
0000000000001110
1111110110111011
1111110011011100
0000000000100110
0000000010011001
1111100100010110
1111101100111001
1111101011001001
1111111101001010
1111111101011111
0000000100111010
1111111111010001
0000001100111111
1111111100111000
1111111101010100
1111101101001010
1111110000110111
1111111111111101
0000000101111001
0000000001001011
0000001000010001
0000011000010011
0000011001110100
0000010001000001
1111111111010000
1111111010101001
1111110101100110
1111111100110111
0000000011110000
0000000100010010
0000001000000110
1111110011001100
1111110010110010
1111011011010001
1111110110111011
1111110001100011
1111111111000001
0000000000111011
0000000011011001
0000000110010000
0000001010001110
1111111111011010
1111110010011110
1111110111000111
0000000110101111
1111111111000001
0000001011100111
1111111010110000
0000000100100001
0000001011101111
0000100000000101
0000011111100010
0000001000011111
1111110010101110
1111110000110100
0000001000111101
1111111010111110
0000001110101001
1111111111111000
1111100000111100
1111100010110010
1111101111010110
1111101010010010
1111111100011110
1111111110010111
0000010110010100
0000010100000011
0000000001101100
0000000001100011
1111110010010111
1111101101101111
1111101101101001
1111111101011110
0000000011111110
0000000000011101
0000001001011111
1111111011000110
0000000010111011
0000101001010111
0000011000110010
0000010101100001
1111111011001101
1111111111110101
1111110011001111
0000000001111011
0000000111000001
0000000100011011
1111110110100011
1111100011111100
1111101101000111
1111110001010010
0000001010101011
0000001011101101
0000010111110010
0000011001110010
0000100000100000
0000001001100011
1111011100110100
1111011011011001
1111011001101110
1111111101001001
1111111011110001
1111101111111101
1111111010111001
0000000011101111
0000001101010111
0000110011100110
0000100100100100
0000011000101100
0000000111111101
0000001001100101
1111111110101000
1111110111011101
0000000101111000
1111111111110011
1111110010100011
1111110101000000
1111111110110010
0000001101110110
0000100010110110
0000010000101100
0000001111110101
0000100011110101
0000011100000101
0000010101001100
1111101110110110
1111100000001001
1111011000111101
1111101011110010
1111110111111000
1111111011000000
1111100111010101
0000000010110010
1111111011110001
0000100001011010
0000010100000111
0000000010001101
0000000101000110
0000000010011100
1111110011100111
1111111000101000
0000001100111101
1111110110000001
1111111101100101
0000000000101000
1111111011110011
0000011011010111
0000000101111001
0000001100010100
0000010100011000
0000010101000001
0000010011010110
0000010111101111
0000000001000000
1111100011101000
1111110011011011
1111110010000001
1111101110010011
1111101100110101
1111111111011010
1111111111001111
1111101010011100
0000001010111000
0000000000111100
1111111101100001
0000001010000110
1111111110001111
0000001011100001
1111111100000011
1111110000110001
1111111101001101
1111110010010010
0000000100100011
0000001000000010
0000001011000100
0000001010010000
1111110111100100
0000000000001010
0000011000111011
0000100101001011
0000001111000101
1111100000111101
1111110000100010
1111100000011011
1111110011100101
0000000001001100
1111110100010101
1111110000100110
1111110001100000
1111110110100100
0000001100001110
1111111001001010
0000000111110011
1111111110111101
0000001110000101
0000001110001010
1111111101110111
0000000110100100
0000000101010110
1111101101000010
1111111101000101
0000001101100010
0000000110101100
0000000011111010
1111110011100010
0000000100011111
0000100000100000
0000001110110011
1111110101000100
1111100010100001
1111110101010011
1111101110001100
1111101001110110
1111100101100010
1111111001001011
1111111101000001
0000001000110011
0000000101010111
0000001000101001
0000001111100010
0000001010011111
0000001000000101
1111110010010010
0000001001000110
0000001100101101
0000000000010010
0000000000100111
1111110101001110
1111111111001101
0000000010101010
0000010000000001
0000000110010010
0000000101101101
0000010011010011
0000011011011111
0000001011010010
1111110001111010
1111101100000111
1111110010000100
1111110100001000
1111101110100100
1111100111000101
1111110010100010
1111110111001101
0000001010111101
0000000011110101
0000010001100101
1111111011100101
1111111001100111
1111110100101000
0000001110111011
0000000111111101
1111111001101110
0000000100010101
1111111001011110
1111101101101001
1111111110100101
1111110010110010
0000000011011111
0000000100000000
0000001110110110
0000001111100110
0000010111011100
0000000010100000
1111110101110101
1111110000010010
1111110010101111
1111101111100111
1111101101000011
0000000011111001
1111111001011000
1111110110000001
1111110110000011
1111110111101101
0000010101000110
0000001111100101
1111111010100001
1111110100101010
0000000000011011
1111111010101010
0000000000011111
0000000101001000
0000001000010001
0000000010000010
1111111100100001
0000000110010001
1111110110010010
0000000000100111
0000010011111111
0000011100111110
1111111010010001
1111110110000000
0000000010010010
1111111000001010
1111110111000001
1111111011011101
1111111111010100
1111110101111010
1111111100100101
1111110100110011
0000000001110110
0000001000011111
1111111110001110
0000000110011101
1111101110001100
0000000110110110
1111111100011100
1111111001000010
1111111110001010
1111110100011110
1111111000010100
0000000000101000
1111111001101100
0000010010001110
1111111001000011
0000000001100001
0000010000101000
0000010010011100
1111111010011111
1111101001010000
1111110110111000
1111101011001101
1111111000111001
0000000111111100
1111110100100101
1111110010100111
1111111010111011
0000001100000110
0000000101001110
1111110100111101
0000000010010100
1111110011010100
0000001001000111
0000001010010011
1111110101011100
1111110010111010
1111111010011010
0000001100000011
0000000000011000
1111100111001010
0000001111110111
0000010000111111
0000011100010010
0000010111100001
0000011000110100
0000010000101101
0000000001000100
1111111101111011
1111101010110000
0000000100100100
1111101010010010
1111111001011011
0000001001001001
1111111110001001
1111111011001000
1111110100000010
1111110110101001
1111111011011101
1111110111111111
0000001111011000
1111111110000010
0000000001001011
1111111011101110
0000000100011110
1111110101000101
1111111011110000
1111101010001101
1111111111100010
1111111000111100
0000010001000110
0000001010101100
0000011101110000
0000010100110000
0000010101110101
0000010011101011
0000001010110100
0000000101101101
1111111100001010
0000000110001011
1111110100100010
1111100010001101
1111110111011010
1111110010111101
1111111001000000
1111111111010100
0000000101100101
1111110010010110
1111111110001011
0000001011010100
1111111100011111
1111110101100111
1111110110110001
0000000110110100
0000001000111011
1111110101100001
0000000011000010
0000010011110011
1111111110101100
0000001111011100
0000001100011110
0000011000011001
0000010111000000
0000011000010111
0000001011010000
1111111110001100
1111101001001011
1111110110110010
1111111100110011
1111101111010110
1111111000010001
1111111110101101
1111111001110001
0000001011000000
0000001110110011
1111110111111011
1111110111101011
1111110001010111
0000001110101110
0000001100101111
0000001110111111
0000001100010011
1111111011001010
0000001001111010
1111110010101100
1111111001011101
1111111101000000
0000010100110011
0000010000010011
0000010110000000
0000011011110000
0000010010101001
0000001010001100
1111111110101111
0000000111101001
1111111111101000
1111110011000101
1111111000011011
0000000010111100
1111101101111101
0000000001110111
1111111001001010
1111111001101001
1111111101000011
0000001010111110
0000000000001100
1111111001101101
1111111010100010
0000001100001110
1111110110110111
1111111110110001
0000001100010011
1111110011001111
1111110011011000
0000001010101111
0000010110101101
0000000110001001
0000001101111110
0000010000110000
0000001000001001
0000010000111111
0000000101010110
1111111110101001
0000000111100000
1111110101110001
1111111001010001
1111111100110011
1111111111101101
1111111001110100
0000001010010100
1111110100101011
0000001101001100
0000001001101110
1111111011001110
1111110100011000
0000001110011001
0000001110111111
0000001011010011
1111111011110011
1111110101000111
0000001011011101
1111111100000000
0000000100001111
1111111101011101
0000001000011010
1111111010111101
0000000001010100
0000000010010000
0000001100010101
0000000001101111
1111111100101011
1111110111101010
1111111001011001
1111111011001001
1111111001000111
1111110001010010
0000000011000001
1111111001001100
1111111100101101
1111110100000111
1111111110010011
1111110001011000
0000001111100110
1111110100010101
1111111110000001
1111110011110010
1111111100000110
0000001101010000
1111111111001000
0000000010101100
1111111110011111
1111110100000011
1111111101000110
0000001100001010
1111110101011000
0000010101001010
0000000010000101
0000000010111011
1111111101011111
0000000110011000
1111111011011100
0000000010011001
1111111000111110
0000000010001100
1111101111011001
1111111011001110
1111101111011101
1111110001100101
0000001011011100
1111111100101010
0000001000011010
1111111101100100
0000000011100011
0000001010010011
1111110100111001
1111110110010011
0000001011000010
0000001000011101
1111101001110010
1111101101001101
0000000000010111
1111110000111110
0000000101001101
0000000001110010
0000001010100110
1111111000010101
1111111010111001
0000000100100101
0000001011100011
1111110101111000
0000000000101010
1111111110000101
0000001000000011
1111111001101010
1111111101110100
1111110100100001
1111110100001101
1111110110000001
1111111000010111
0000000011001010
1111111000100000
0000001100010100
1111111000001001
0000001100100010
0000000001010101
1111110000000100
0000000010111011
1111110010101010
1111111011000001
0000000101111110
0000001001001101
1111101111101111
1111111011001001
1111110110111001
1111111010101011
1111110010000010
0000000010101011
1111111101011110
1111110101100100
0000001010010001
0000000000110110
0000000011101100
1111110011100010
1111111010010110
0000000011010111
0000001011100100
0000000100011110
1111110100010000
1111111011101100
1111111010101111
0000001001011101
1111111000100110
0000000011110110
1111110100111110
0000001011101100
1111111111110010
1111110010011101
0000001000110001
0000000110010011
1111110001011100
1111111101000011
1111110110110011
0000000000010100
0000001001010010
1111110000110111
0000000100111111
0000000101000101
0000001000111011
0000001001001100
1111111010001010
0000000011101000
1111110001111111
0000000110011100
1111111101000011
0000000111101100
1111110111111100
