0000000001001001
1111111000001011
1111111001000110
0000001101011111
1111110001100000
1111110111101100
0000000100000011
1111111110100011
1111110001001010
0000001000011100
0000000011111101
1111111001110000
0000000011011011
0000000110011101
0000001000100111
0000000001100010
0000000000001000
1111111000100110
1111110100010110
1111111010111100
1111110111111010
1111110111101000
0000000010000011
1111110001110010
1111110011100001
0000001000010111
0000001010000000
0000000011010000
1111110001010000
0000000000100010
0000000001000000
0000001011011010
1111110010011001
0000001101110101
0000001101110010
1111110001010010
0000001100101101
0000000000001011
1111111001010000
0000001110011011
1111111110100000
0000001001111001
1111110011111010
0000001000010110
0000001010000001
1111111110000010
0000001101010100
1111110100110110
0000000011001011
1111110100111111
1111110010000011
0000000011110000
0000001000110100
1111111001001000
0000001101111110
1111110111001000
1111110111011110
0000001011010110
1111111011100100
1111111100111000
1111111011110101
0000000010011011
1111110011111101
1111111001110110
0000001011111111
0000000111101111
0000001010110011
0000000100010001
1111111111001101
1111111011000100
1111110110110101
1111110110110010
0000001100001111
0000000111101011
0000001001000001
1111111111011011
0000010000101000
0000000001001001
1111111011010111
0000000010010111
0000000101110101
1111110111110100
1111110101000000
1111111000100110
0000001011010000
0000001001110110
0000000110111011
1111111011111011
1111110011010001
1111111110001100
0000000011110110
0000000001100101
1111111011001011
1111111111010100
1111111110000101
1111110001100100
1111110001111011
0000001111010101
0000001100001001
0000001000001101
0000001010000100
0000000001111111
0000010110001100
0000000000111011
0000001011101001
0000001001011101
0000001111100110
0000000101111010
1111110011101111
1111111111100111
1111111111011011
0000001011011100
1111110110111010
0000000011101110
0000001000111100
1111110100011010
0000001110100000
0000000011100011
1111110011101001
0000000101011100
0000000001101010
1111011010101100
1111100100000000
1111101111110000
1111110010100111
1111110111100111
1111101001100110
1111110101100100
0000000110101101
0000001010110100
0000001001010001
0000011111011100
0000000011101111
0000010000010001
1111111000011010
0000001111100111
0000000010100000
0000000101101001
1111111110111101
0000001101000101
0000000010111011
0000001011110100
0000001010000011
0000000111100001
0000000011010001
0000000010001011
1111110100101111
1111111011100110
0000001000011010
1111110101010100
1111100010011111
1111111111101001
1111110000001101
1111101011110010
1111101001010010
1111110101000001
0000000000001111
0000000011111000
0000000001101010
1111111110001011
1111111111101110
1111110101011111
1111111001111110
0000001000001010
0000000010100100
1111101110111010
0000001011101011
0000001101100110
1111111000111011
0000000011000011
1111110010010101
1111110001001111
1111111100110111
0000000111101000
0000000011001001
0000010010000101
1111111100101000
1111111011001101
1111111101111101
1111100100001000
1111011011001110
1111101010011111
1111100101001101
1111101000000011
1111100010100011
1111100101001101
1111101011101111
1111110000100011
1111101110100111
1111110010001101
0000010001110101
0000001010011111
0000000000100101
1111111000011010
0000000110110010
1111111011001111
0000001111001100
1111111011001011
0000001110110111
0000000101010001
1111111100001011
0000001101001110
0000001001111110
0000000100100011
1111111011100101
1111110000110001
1111101101100000
1111101000001001
1111011100011111
1111011001011000
1111010011001110
1111011100010111
1111010100100110
1111011100001101
1111101100110101
1111101010000001
1111110001111001
1111110010000011
0000000000100101
1111111111010100
1111110111100111
1111111000000111
1111111000101110
0000001010001111
1111110000100000
1111110010010000
0000001101010101
1111111001110100
0000001101011001
1111111110100101
1111111000011111
0000000011111111
1111110011101111
1111110010001111
1111111001000011
1111100100110000
1111010011101100
1111100000110100
1111010101011110
1111010111111100
1111010011100000
1111100110101100
1111110000000001
0000000000010110
0000000111100000
1111111001100110
0000000010001000
1111111001010111
0000001110101001
0000000010111110
0000000111110011
1111111100001100
1111110000011110
0000000010011010
1111110100111001
1111111101011111
1111110001111010
0000000000100101
1111110010001100
1111110011010110
1111111111000110
1111111010000000
1111100011011100
1111100110110110
1111110001111011
1111010010101011
1111010111111110
1111101110110011
1111110011001010
0000000010001110
1111111101110101
1111111011011111
1111111111000011
0000001111110011
1111110110101001
0000001011111110
1111111110001111
1111110110011001
0000001000010100
0000001110010010
0000000001100111
0000000010100100
1111111000100000
1111111010001100
1111110101011101
1111111100101011
1111111100100011
1111110101110011
1111110010100010
1111110000000110
1111100101100111
1111110110010010
1111111111000001
1111101011000111
1111101010110110
0000000010111010
0000000011000000
0000000010000111
0000000001000010
0000000101100011
1111111110010010
1111111111111001
0000001000001000
1111110101011001
0000001000010100
1111101110010011
1111110110111111
1111111011101000
0000000010100000
0000001100000011
1111110011100111
1111111011000111
0000001000110001
1111110011010010
1111111111100111
1111101000110010
1111111111000000
1111111100011011
0000011100001100
0000000010100110
0000010110100110
1111111111110100
1111101111000011
0000000010010001
0000000111001111
1111111100110110
1111101001101110
0000001010101110
1111111010011011
1111110110110100
1111111101011111
1111101111011000
1111110110100100
0000000000010111
1111110100001010
1111110000100101
0000000110010100
1111110110110011
1111111010011101
1111110001011101
1111110111110101
1111110111010100
0000000100111001
1111111011100011
0000001000110011
0000001111101010
0000011111011111
0000011011110111
0000011111011010
0000000110001101
1111100111010111
0000000101000110
1111111111110011
1111101100011110
1111111001001010
1111100101100111
1111110101011001
0000000100101110
0000000000100010
1111111010111011
0000000110001011
1111110011111001
0000001110010010
0000001110000110
1111111010101000
0000000010101101
1111110001110101
1111111000111010
1111111001010101
0000000101010100
0000010010111000
0000011001111010
0000001010001110
0000011011111111
0000010101100101
0000101111011100
0000101110101001
1111110000101010
1111011101111000
0000001001000111
0000001111010100
0000000010100001
1111110100000101
0000001000000101
1111110100001101
0000000000010011
0000010101101001
0000100011001000
0000011000111001
1111110110100110
1111110010010010
1111110001010101
0000001110101110
0000001001111001
0000000100111101
1111110011101001
0000001111100010
0000010010010010
0000001100101001
0000000110101001
0000011110101111
0000011101001101
0000001101011001
0000100001010100
0000010101000111
1111110101110001
1111111001111101
0000000000100110
0000000100010110
0000010100010010
0000000101000011
0000001110000001
0000010001110001
0000001001100010
0000001111011001
0000010010001001
0000010111010010
0000001010011110
0000001000011111
1111111001110001
0000001111010101
1111111100101100
0000000010100010
1111111010011001
0000000000100110
0000001111111001
0000001111100100
0000001110110001
0000001100000010
0000010110110010
0000000100001000
0000001011110111
0000011101010010
1111110110011110
0000000110011100
0000001110111111
0000011101110101
0000001011010111
0000001010000000
0000001100000100
1111111001110110
0000001111000010
0000011001011110
0000001011111001
0000001001001000
1111110100101100
0000001010010101
1111111110001100
1111111101011101
0000000001100101
0000001111011100
1111111001000010
1111110110010110
0000000100000011
0000001010101100
0000001000110011
0000001011100100
0000001010001000
0000000000111010
0000000111110011
0000000111001000
0000000001110101
0000011100100011
0000011100001010
0000010000000010
0000010001010000
0000001100110110
0000010010011111
0000011001110000
0000001000011011
0000000011111010
0000001010100111
0000000100101010
0000000101111110
1111111111101011
1111111111101010
1111110010001111
1111111000011100
1111111011001111
0000000010011010
1111111010100110
0000000000100100
0000010010000111
0000010011001011
0000000001000110
0000000010101100
1111111011111111
0000001110101100
0000000010100010
0000000111101110
0000010101110100
0000100010001110
0000001011000100
0000000101100111
0000001001010100
0000000010010001
1111111001111011
0000010000101001
0000001001110110
0000000101000101
0000001011001110
0000000101100011
0000000110001110
1111111001100000
1111111010011110
0000001100001101
1111110101111001
0000001100111011
0000000111101010
0000000111000101
0000000001110000
0000000000010000
0000010001101110
0000001001101011
0000000000110111
0000001000101110
0000010001010100
0000001101010100
0000001010100100
0000000010011000
0000000100110000
0000001011001011
0000000100101111
0000000001001000
1111111000100100
0000000010000011
1111101001011001
1111111010100101
1111110101111001
0000000101111010
1111110011001001
1111110011110100
0000000000111001
0000000111101010
1111110111101010
1111111010101010
1111111000001000
1111111011000010
1111111011011011
1111110101001001
0000000001000000
1111111111010010
0000000011010010
0000000100010011
0000001001100001
0000010011101010
0000001000000110
0000001101010011
1111111101000100
1111111011111111
0000000101001001
1111111100101001
1111111010010001
1111110010101011
1111100001000100
1111110100000011
1111110001001100
0000000000111110
1111111110000010
1111111011101111
0000001100111001
0000000101110001
1111111111000110
1111111110111010
1111111111010001
1111011111000010
1111101111010001
1111100011010101
1111110011110100
1111111000000010
0000000101101101
1111111100111110
1111111110100101
0000010111111110
0000000010101011
1111110011000100
0000010010101110
0000001101101100
0000000111100111
1111111110010001
1111101100010101
1111110111100110
1111110001100100
0000000010010011
1111110000010101
0000000101110101
1111111001000011
0000001100010111
1111111100100010
1111110010100011
0000001101001001
0000000010101010
0000000100110111
1111110010110000
1111011100111110
1111110100101101
1111110101011101
1111101010110111
1111111001101000
0000001111111100
0000010101000001
0000010111000101
0000001111010110
0000001010000111
0000000110000000
0000001100110000
0000001000111101
1111110001101111
1111110100110011
1111100111100010
1111101010111101
1111110001100011
1111110111100110
0000000111100000
0000001010010100
0000001101101011
0000000001001101
1111111001001101
1111111100101111
1111110101001011
0000000011111100
1111101000110111
1111101001110000
1111101000001100
1111100010111100
1111110111101111
0000000000100110
0000001101001111
0000000101101110
0000000100010001
0000000100101111
0000000100101111
0000000111001101
1111110111000001
1111111101000001
0000001011111010
0000000011000001
1111110001100101
1111111010001011
0000000010000011
1111111101000011
0000000110110101
0000000110100010
0000001101101010
0000000111101111
1111110001111001
1111110010111010
1111110011111111
0000000011010001
1111110010111110
1111111011001101
1111111100110001
1111101111000010
1111110001011001
1111111000111011
1111101011011000
1111101001010101
1111110111010010
1111111011101101
1111110011101101
1111110010011100
1111111011100001
0000000110101100
0000000010110110
1111110011101000
0000001111011101
1111110111100010
0000000101110111
0000000001000110
1111111001000011
1111111000010111
0000000000111011
1111110010001100
1111110011100111
1111110100101101
1111110001010111
1111110001000111
0000000110110110
1111110111101011
1111111000100101
1111111100110110
1111110110010100
1111101110001101
1111101010011101
1111111110100000
1111101010001100
1111110011010111
1111111011011000
1111111110101110
1111111101111010
1111111011001101
0000000110100101
1111101000101100
1111111100001011
1111110001010001
1111111011010010
1111110000110011
0000001100010111
1111110001001011
1111110010111001
1111111110001111
0000000111010110
0000001011100110
1111110011111000
1111110101101110
0000001110100110
1111101110011001
1111101011010001
1111111100111101
1111100010011101
1111110010111011
1111101100110111
1111100101011010
1111100000010111
1111111010010110
1111101111010000
1111011001110000
1111011001010111
1111010111100011
1111100001001010
1111110010001001
1111111011011010
1111101101100000
1111111010011001
1111110011101000
1111111101010000
1111110110011111
0000001000110111
0000001100011110
0000001110101000
1111111111000011
1111111110100110
0000000111000000
0000001000100001
0000000110010111
1111110110101010
1111111001100110
1111101110100000
1111111011100011
1111101101110011
1111110000111100
1111110110100100
1111011100000011
1111100111011101
1111100101100100
1111011111100001
1111101101001100
1111110000001000
1111110011011101
0000000100011110
1111111101100111
0000000010111010
0000000111011011
1111111101011011
1111110010010011
1111111001001110
0000001001110110
0000000001100010
1111111101000111
0000000111110101
1111111101110100
0000000010111000
0000001100110110
1111111111100000
1111110110000011
0000001100111100
0000000010000011
1111111010110010
1111111100100100
1111111111110000
1111111010100010
1111111110100011
1111111110111110
0000000010000010
1111111010010011
1111111010100000
0000000100110111
0000001011100000
1111111010000011
0000001100011111
1111110111100010
0000000000100010
1111110001101000
0000000001111100
