0000000001000001
0000001100001000
1111111001101100
1111111011111010
0000001011111011
0000001100110101
0000001100001111
1111110111011001
0000001000100001
1111111001101000
0000001100010100
0000000100110100
0000001011011101
1111110011000100
0000001010000000
1111111010001000
1111110111001111
0000001100011000
1111110001001011
1111111000000111
1111111011001010
1111110110011010
0000001110010100
1111111111011011
1111110110101100
1111110101100100
0000000110010010
0000000101000110
0000001101110000
0000001011000010
0000001100001011
0000001000010111
0000000001110000
0000000101010010
1111110011101001
0000000001011000
1111111010110001
1111111001011101
0000001110110110
1111110101101011
1111111001001000
0000001110111101
0000000110100101
1111111111100110
1111110010100100
1111110101010110
0000000101000000
0000000001110111
0000000010111100
1111110110101111
1111111011101111
1111110110001100
1111110001000000
1111111111001011
0000000001101110
1111110111100100
1111111110010011
0000001110001101
1111110010000010
1111111010110000
0000001110110001
0000000100000011
1111110001100101
1111111101110110
1111110100001001
1111111101001101
1111111100011111
0000000011101111
0000000011000101
1111101100100001
0000000001100100
1111110010011010
1111101111111100
1111111011111101
1111110110101000
1111111100000100
1111110011101011
0000001011111001
1111110100101010
1111111010011111
1111110100010111
0000001010110101
0000001001010010
0000000100000001
0000000111110111
0000001011011100
0000001110101101
0000000110101010
0000001100010111
1111111001000101
0000000110010111
1111110011100110
1111110010011111
1111111011101101
1111111010100001
1111110010100101
0000001001100000
1111111101101101
1111111010100000
1111110011101000
0000000100010011
1111111110010100
1111111100111011
1111101111011110
1111110111101001
1111110011010000
1111110110111010
0000000001011011
0000000111011101
1111111010011111
1111110101111000
0000001101111110
1111111101110100
1111111111001100
0000000111101100
0000000010001111
1111110001010100
0000000100100110
0000001011000100
0000000110001111
0000001010111000
1111111001011110
1111111110010111
0000000010000110
0000001000100000
1111111000000110
0000010100001110
0000001001110010
1111111111010000
0000000010110101
0000001010011001
1111110011011111
1111110101101011
1111110110000100
1111111100001111
1111110101100010
0000000101000110
0000001010001101
0000001001011101
1111111011100000
1111111000110010
0000000011011001
0000001100111100
1111111000001011
1111111011001101
0000000010000000
0000001111100010
1111111001000010
0000000101111010
1111101100100111
1111101011010110
0000001011101010
0000000000011000
0000010100000111
0000000000000011
0000001100111110
0000001001111010
0000001110011011
0000001010101100
1111110111100101
0000000110001111
1111111011001001
1111110010100000
1111111000001001
0000001100110011
0000000111111100
0000001111001110
1111110001101110
0000001001010100
1111110100011100
0000000001010111
0000001001101010
1111111001111111
1111111110010001
0000010011010100
0000000010110100
0000010011011110
0000011100111001
0000000010001111
0000001000001101
1111111001010000
0000001000111111
1111111110100001
0000001101010110
0000010101001010
0000000100110111
1111111110100111
0000000111100011
0000000011001100
0000000111111111
0000000101101111
1111111110100111
0000001001110000
0000010110111011
0000001100010011
0000001001010001
0000001000100100
1111111111001110
1111110011001100
1111110111100111
1111111110101110
0000000010010101
0000010100110100
0000011000100010
0000100000101000
0000001011101100
0000010101110111
0000000010010101
0000000111101000
1111111011001001
1111110101000000
1111111010111011
0000000001100100
0000000100111010
1111111100001000
0000001001001100
0000001000001001
1111111111111001
0000000110111101
0000010010111111
0000010010001100
1111111011001011
0000000000101010
1111111001001100
1111111011000100
0000000111001011
0000001000011000
0000000000010011
0000011100100011
0000010011010011
0000100001010011
0000011100010010
0000001100101111
0000010101101110
0000001011001100
0000000010001111
0000001001111010
0000000111001000
0000000010100111
0000000010100110
0000000100011100
0000001100000010
0000010000101001
0000000000011000
0000001100111100
0000010001010010
0000000001010010
0000011111001100
0000000111001100
0000010000101000
1111110100000100
1111110000111111
1111110010101010
1111111101000010
1111111111011101
1111111100110011
0000010100010101
0000010010111111
0000011100100011
0000001111001000
0000011001111011
0000000111110111
0000000001111111
0000000110000100
0000001001111100
1111111100011100
0000000011010110
1111111110110101
0000010011010000
0000010000001100
1111111111111100
0000010000010110
0000000011001011
0000010101101111
0000011011111110
0000001011010111
0000100110011111
0000001000010101
0000001011010000
1111110111010001
0000000100000110
1111111001001101
1111110110001000
1111111000010010
0000000111010001
0000000110001111
0000001010110000
1111111010010010
1111110110010100
1111111001111010
0000000011011111
0000000110110110
1111111011000101
0000010000010111
0000001001011111
1111111110001111
1111111110100001
0000001110001101
0000001011001111
1111111110000111
0000010100111101
0000001100011111
0000010010001101
0000011111110001
0000011001011010
0000001011011010
1111110111101010
1111110101000101
1111110101011110
1111110011101011
0000000110111010
0000000001111110
0000010001110100
0000001010010001
0000000110001010
0000000100100101
1111111011011000
0000000011010111
0000001111111101
0000011011011110
0000011000011011
0000010101100111
1111111000010111
1111101000010110
0000000010111101
0000001100011101
0000000011001100
1111111101000010
0000001010110010
1111110011011001
0000001001111001
0000011000101010
0000010100000100
0000010110110000
1111111101001110
0000000101000001
0000001000011010
1111111011111011
1111110111100100
0000010001101000
1111110100110101
1111110001001111
1111101111011111
1111101100100111
0000000111001111
1111110101100110
0000000101101000
0000000100101100
1111111101111011
0000000000101100
1111110110001110
1111101011000111
1111111000001101
0000000100000110
1111110100110011
1111101011101010
1111111010000101
1111111010100011
1111110111010001
0000001010001000
0000001100000100
1111110101010100
0000000110101001
1111110011000001
0000001110100011
0000000100111101
0000001100001110
0000000010111001
0000000011011100
1111110001000011
1111110001000110
1111110001000011
1111110000010000
1111111001101110
1111111110101111
0000001100011111
1111111011000111
1111110101011110
1111011101011001
1111110011111101
1111110011001010
1111110000001111
1111100111000101
1111111001101101
1111111101101010
1111111010111100
1111110000010001
1111101001111000
1111101110001010
1111110010111000
1111110011110011
1111111010011000
1111110110110101
0000001000110000
1111111001110000
1111111101111111
1111101110101010
1111111011101010
1111101011001000
1111110011101011
1111101110001101
1111110101101000
1111110111011011
1111101101100100
1111111101011000
1111100011010000
1111111001000100
1111110110101100
1111111110101010
0000001111011111
0000000100111011
1111110111000011
1111101111011110
1111111001111100
1111111110111000
1111111111001001
0000000010010001
1111111100001101
1111111001100110
1111110110000101
0000000010110111
0000000011110110
0000001000001010
0000000101111001
0000001010110100
1111101001001010
1111100100011011
1111110110111100
1111011110111010
1111111101111001
1111110101001101
1111110001100101
1111110010010011
1111110101111110
1111100000101000
1111111001001011
1111101110000110
1111101101011000
0000000011000110
1111110110010000
0000000010111110
0000000010001110
0000000111111111
1111101010000000
1111111101110110
1111110000101011
0000001101001010
1111110001010011
0000001111011010
1111111010011100
0000010000000110
1111110100010101
0000000110100010
0000000100011011
1111110100000010
1111100001100111
1111100110000100
1111101010001000
1111101101111100
1111101111000010
1111110001101111
1111100111100000
1111101100001010
0000000011101000
1111101111110011
1111111110010101
0000000101111111
0000001010100000
1111111110110110
1111110100101101
1111111000111101
0000000001011000
0000001011011100
1111110101011111
1111111000011001
0000000010000111
1111110100000101
0000000011100101
0000000000111000
1111111100101111
1111110100101011
0000001010010110
1111111101110001
0000000000110001
1111110100000011
1111011111011100
1111111000110010
0000000100010111
1111110001111110
1111110111100011
1111101111100111
1111110001001101
0000000110110101
0000000100001111
1111101110000100
0000000001110101
0000000101110001
0000000001001010
0000001011001010
1111111110101101
1111111011000110
0000000110100000
1111110010101111
1111110111111001
0000001100101011
1111110110110110
0000000010110100
1111111101100001
1111111111001001
0000000011011110
0000010010010011
0000000100101101
1111110110100101
1111111101111001
1111111001010110
0000000011111110
1111110110010101
1111111100100010
1111100011110011
0000000000011110
1111111111001010
0000001001100111
0000000111010110
1111101010000000
1111111000010011
0000000110110000
1111110100000101
0000000011110001
0000000001100110
1111111011011010
0000001001011111
0000000110111101
0000000101010001
1111111111011101
1111111111010010
1111111111010101
0000001010000110
0000001110011110
0000000110011110
0000000010110111
0000010101111000
0000010000110110
0000000111110110
0000001101100111
1111111111000100
1111111000011011
1111110100010000
0000000110000110
1111110010111101
1111111001101110
1111111101010000
1111100100100101
1111110101110110
1111110101100101
1111111011000001
1111110111100000
1111110100111001
1111101111011111
1111111000101110
0000000011000101
0000000000000001
0000001101000110
0000001100000110
0000000100011100
0000010001110011
0000010001110100
0000010000111110
0000010001011000
0000001000111110
0000001101111110
0000001101110000
0000000000011000
0000000010101111
1111110110100011
1111111011001101
1111110011100000
1111111101000111
0000001000100100
0000000101100101
0000000010111111
1111111101111010
1111111001000110
0000000100111111
1111111110001010
1111111010010001
0000001100110100
1111110000001111
1111111010011011
1111110000011011
1111110111110100
1111110100000001
0000000100010001
0000001101110000
0000000101010000
0000001100000001
0000011000111100
1111111100001101
0000000101100111
1111111110110101
0000000010000001
0000000111111011
0000000111110100
0000000011000011
1111110111001110
0000000010101100
1111111111001110
1111111100011010
0000000101101110
1111110101100000
1111111100101110
1111111100011111
1111111010000010
0000000001001100
0000000101111110
0000000010001110
1111110100000111
1111110000100011
1111111000101101
1111111101010011
0000000110000101
0000000000110010
1111110101010000
0000000100101001
1111111001000011
1111111011110101
0000001001011011
1111111100010100
0000010011101000
0000010000010000
0000001001000001
0000001101010000
0000000010010000
0000010001000110
1111110001111011
0000000110100100
0000000101010111
1111110101011010
1111110001000001
1111110100010110
1111101101111001
0000001000000011
0000001110111010
1111110000101010
1111110001011010
0000000110101010
1111110110101100
0000000111110100
0000001110111011
1111110100101110
1111101011101110
1111111110001011
0000001001111011
0000000110011110
0000001101000000
0000001010011011
0000100010000001
0000010010111010
0000011011011011
0000011010111010
0000010010100111
0000000111100100
0000001010111100
0000001111101110
0000001111000100
0000000101101010
0000000110010010
0000000010111010
0000001100100110
1111111011100110
1111110010001100
0000000010011011
1111110011111111
1111111010000011
1111110001000100
1111111000010111
1111111010111100
0000001110100010
0000000101001011
0000000010010101
1111111001000011
0000000110110110
1111111000101101
0000001101010110
0000000011010000
0000000111110001
0000011000010010
0000000111001001
0000010001001000
0000001011000101
0000000111100010
1111111111001100
0000000001101000
1111110001101100
0000000011011100
0000000101010011
0000001001001110
0000001101100101
1111110011100101
0000000001101011
1111111111001011
1111111010100111
1111111101101001
0000000000000001
1111111001100111
0000000011110010
0000001011011010
1111111000110101
0000001000000010
0000001010000101
1111111101111110
1111110111010010
0000000111100110
1111110110100100
0000001001111100
0000001010000101
0000000011101111
0000001011000010
0000000111011100
1111111011000000
1111111110000010
1111101010111110
1111111100110111
1111110001100001
0000000001001100
0000001010000000
1111110101000111
1111110100110100
1111110110100110
1111111110101010
1111111011110000
1111110011010101
0000000111001000
0000001100010101
1111110000011001
1111111001000100
1111110000100101
1111110000010010
0000000000000100
0000000011011010
0000000001111011
1111110110010010
1111111111000110
0000000010000111
1111110100010011
0000001110010010
1111111111101101
1111110111110101
1111111100110110
0000000110101000
0000001010011110
0000000001001101
0000000100010110
1111110110110101
1111111010010101
1111110010100100
0000000110110001
0000000111011110
1111110010000100
1111110010001100
0000001100010101
0000000110010110
1111111100011010
0000001111100111
1111110101110100
0000001100010100
0000000111000000
0000001010110100
0000000000010010
0000001011010101
0000000001110101
0000001101101101
1111111100001101
1111110111000111
1111111001011010
0000000011000001
1111110001000110
1111111101100001
0000000100000001
1111110010111011
1111111001110111
0000001110001101
0000001001110011
0000000000000000
1111110101101111
