0000001100101000
1111110011101110
1111110010011101
0000001001001100
1111110111010011
1111111111001110
0000001110101111
0000000001000010
1111110100110011
1111111100111000
0000000011100011
1111110011100001
0000000011000111
0000000001011000
0000001111010000
0000001100100101
1111110100101110
0000000011111011
0000000001101111
0000000111101011
0000001100011100
1111110010001100
0000000011001000
1111110110001111
0000000100111110
0000000011000111
0000001001110010
0000000000010001
0000001011011110
1111110010111100
1111111001001010
1111110011100000
0000001001100000
1111110111111110
0000001001010100
1111111110110101
1111110101000101
1111111001001110
1111110010010001
1111110000000100
1111111011010010
1111110100100011
1111111111010111
0000001001111100
0000001000100000
0000000000100011
1111111011000101
0000000110011000
0000000010010110
1111111101000101
1111111000001110
1111111111010000
1111111110001100
1111110110000000
1111110100110111
1111111100000110
1111111001101010
0000001011010011
1111111011010111
0000000010001111
0000000001111011
0000001110110011
1111110100100010
1111111011010110
1111111011101101
1111110101000001
1111111110011111
0000000110010100
1111110001011011
1111101011000110
1111110101101000
1111101011011111
1111101010011110
0000000001101011
1111101011110101
0000000001011001
0000000110111101
1111110001111011
1111110000111001
1111110101101101
0000000110110010
0000001111010000
0000000000011111
0000000110100101
1111111111111111
1111111010100010
0000001110100000
1111111110011101
0000000000011100
1111110010010110
0000001101111000
0000001100110100
0000001010001101
1111101100111101
1111111110010000
1111110100010011
1111110011001111
1111111110001011
1111100101101001
1111101011000000
1111100110110000
1111101101101000
1111101011111010
1111110010111001
0000000101111100
1111110111010111
0000001001100010
1111111100111100
0000000111000101
0000001100010111
1111111010010000
1111111011001101
1111111101001000
1111111000011111
0000001111001010
0000000111110010
1111110001011110
1111111011000011
0000001011000111
1111110010111110
1111111110001010
0000000000110010
1111110111011011
1111101010010111
1111110101101100
1111101101001000
1111111010000001
1111101100011001
1111111100001110
1111110111001000
1111110110010010
1111111001100111
0000001000011000
1111111011111110
0000001000100010
0000001000111000
0000000001110101
1111111111111001
1111110100110110
1111110111000110
0000001101110001
0000001011100100
1111111111010111
0000000000000011
1111110101110011
1111111000110011
1111110110101110
1111111100111001
0000000000110010
1111110010011011
0000000100000001
1111101100110011
1111110100101001
1111110010110010
1111101100000101
1111111001100010
1111011011111101
1111101010100011
1111110011110110
1111110010010110
0000000001000011
0000000110100010
0000000010100101
0000000010100010
0000000100111000
0000000000111010
0000000100101110
0000001011011000
1111110100111010
1111111101001101
1111110110011000
1111111011000111
0000010000001111
0000000011110001
0000001101110100
0000000110101100
0000001101100101
1111111000101101
1111111100100101
1111111010010110
1111110110101110
1111111101111000
1111101101001100
0000001010101001
0000000000001111
0000000100001000
1111111000110010
1111101001000000
1111111110011111
1111111100101111
1111111110110101
1111110100001101
0000000100010000
1111110101100011
1111110110011100
1111111101000001
0000001110111010
0000000111110000
1111110101011001
0000000001011100
1111111110011011
0000010000011110
0000000111001111
0000000100111101
0000000101000100
0000000010111000
0000010100111001
1111111101011111
0000000110011001
1111110111110000
0000001100000010
0000000000111100
1111111111101101
0000000100001001
1111111101101011
1111111100001001
1111110011101101
0000000111010111
1111111000011001
0000000101010110
1111101001111001
1111111000010111
1111110110100000
0000001010001001
0000000110111001
0000001000001011
1111111000101111
0000010000111011
0000000001001111
0000000010000101
1111111100010111
0000000100010000
0000000110001000
0000001011000101
0000001000001000
1111111100000100
1111111101000000
1111110100000010
1111111001011101
1111110111100110
0000001010000100
0000000001111010
0000000001000111
1111111100000101
1111111000011110
0000000011001100
1111110000110101
1111110101110111
1111101101110001
1111111101011010
1111110100010010
1111110000100000
1111111000111010
1111110010001101
1111111111100110
1111111111011010
0000000001100000
1111110111011001
0000000000111000
1111110011011010
1111111011100011
0000000010111011
0000000000000100
0000000101000011
1111111011101001
0000000111110011
0000000010011010
1111110110111010
0000000001101011
0000001010010111
1111111110010010
1111111011100101
0000000100001101
0000001000101011
0000001000001100
1111110000001001
1111111011011101
1111011111100001
0000000110100100
0000001000100110
1111111100001110
1111110010101111
1111111010010001
1111111100100000
1111111101001101
0000000111010110
1111111000100010
1111111001001111
0000000001000101
0000010000100100
0000001001011110
0000001101111010
0000001000000100
1111111110000000
1111111110010010
0000001011100110
0000001001101100
0000001101111011
1111111111110111
0000000110011011
1111111000100001
1111111101000011
0000000001110100
1111101011101100
1111100000000011
1111111010000011
1111101101110011
0000001001010011
0000001111001011
0000000110011111
0000001100001010
1111111010000111
0000001111111101
1111111101110010
1111111101101011
0000000111100011
1111111110000010
0000001000110011
1111111000010100
0000011001001001
0000001000110100
1111110010011010
1111110000000011
0000000101110001
0000010011000001
0000001101111011
0000000010010011
0000001111100110
0000000100101111
0000010100000001
1111110011000011
1111110100001101
1111100000111111
1111111001010100
1111111111110101
1111110010001011
1111110111101110
0000000100110100
0000000000101101
0000001111011011
1111111010000100
0000001111111101
0000010110101010
0000001110001001
0000000110001011
0000001010001101
0000001111010100
0000001001011001
0000001011000010
1111101010011011
0000000001100000
0000001101010000
0000010110101010
0000011110111011
0000000101100011
0000011101110100
1111111101010101
0000001111110001
1111111010100000
1111101111111000
1111111000101001
1111110101001010
0000000001000100
0000000000100111
0000000001110010
0000000110111001
1111111111101111
1111111110100001
1111110101111110
0000000001000000
0000000111111100
0000001101111101
0000001011101100
0000000010110000
0000000110001001
0000001111101001
1111111010100100
1111101110010101
0000000010101111
0000001101001110
0000001101011111
0000011101000000
0000000000100111
0000001110100000
0000000010001010
0000001111011100
0000001010101100
1111110010011001
1111101111101111
1111110010111110
0000001001000001
1111111010100011
0000000111101010
1111111001100001
1111110001000010
0000000010101000
0000001100110011
0000001111001000
0000000011101100
0000001110100101
0000000110010101
0000000100011001
1111111110110010
1111111110010100
1111111011100100
1111111101111100
1111110011011010
0000001010010001
0000010111011111
0000001001100101
0000001000100101
0000010001110000
0000100101000001
0000010100101010
0000000011011110
1111111001001010
0000000100101001
0000001100011001
0000000101010101
1111110110100000
0000001110110011
1111110001100010
0000001000110010
0000001001100011
1111111110100110
0000001111001100
0000001100000001
0000000111101011
1111111100010100
1111111110001111
0000010010010101
0000000101110000
1111110100000100
1111111100100010
1111101010001100
0000010100111001
0000010100111001
0000100010011010
0000011010000101
0000001100011011
0000000110011011
0000001001010111
0000001001001110
1111110110000101
0000000100000110
0000000100010010
1111111100011101
1111110000011011
1111110000100111
1111111011101101
1111111000010111
1111111001011001
0000010000010111
0000000100000010
0000001010001000
0000001011010010
0000000010101000
1111111101001000
0000000100101110
0000010010101011
1111110100001010
1111100100100000
1111111001011100
0000010101111101
0000010010100011
0000001110001110
0000001111111011
0000010111111011
0000010110100011
0000001000010100
1111111010100100
0000000100111101
1111110100101000
0000000000101011
1111111011111111
1111110111001000
0000000011011010
0000000011001001
1111110001010001
1111101110000111
0000000100010000
0000001100101010
0000010011011010
1111111011110100
1111111101110010
0000001110101000
1111111110011001
1111111011001000
1111111000100010
1111111000101001
0000000111001100
0000011110101011
0000010110010110
0000001011100110
0000010001111111
1111111011100101
1111111001100001
0000000100111000
1111110001001000
0000000100010110
0000000011011110
1111110001111111
0000001100010011
1111110010000010
1111111011010001
1111111110111001
1111101111111101
0000001001111000
1111111111001101
0000000000111010
1111110010011111
1111111100100100
0000000011010001
0000000111100110
1111111010011000
0000001111110110
0000001001101001
0000001111101110
0000001011011101
0000001000100101
0000001010001101
1111111101101100
1111111111011001
1111110101110001
1111110000111001
1111110001111100
1111110100101111
1111100101101000
1111110111000110
0000000111101010
1111110101101111
1111111010010010
1111111010001000
1111111110111110
1111110111111101
0000001000111000
1111111000111110
1111101111100010
1111110011110001
1111101101001100
1111110111010101
1111100001011111
1111101110110000
1111111001111101
1111100101010001
1111110001110111
0000000110000000
1111111010101001
1111111001011111
1111100101100010
1111111000010010
1111111100011011
1111110111000101
1111011101010101
1111110001010100
1111110001101110
1111110100100101
1111110001000001
0000001101010011
1111110010100011
0000001111011010
0000000110001000
1111111011110101
1111110100010011
1111101100101100
1111110101110000
1111101010010000
1111101001100111
1111011000100111
1111110001100101
1111100100101010
1111011100110011
1111100011110001
1111101111111100
1111101000100100
1111100000011011
1111101011100000
1111110011001000
1111101011100100
1111101001100010
1111100011001000
1111100101110110
1111100000011001
1111101001011011
1111110000100111
0000000101000010
1111111111001111
0000000010000010
1111110001010101
1111111010100101
0000000111111110
1111101110110011
1111110010100110
1111111000101101
1111101001111001
1111100010100000
1111101000101101
1111110110001000
1111110110101010
1111101101100100
1111100101110000
1111101111011000
1111110110010011
1111111001111010
1111110011000111
1111100110111110
1111110010001100
1111101011101100
1111100011011011
1111101001011001
1111111001111010
1111111000010100
1111110111111110
1111110001100000
0000001011101011
1111110000110100
0000000000100010
1111110000011111
1111111000011111
1111110001000000
1111111011110110
1111110001011010
1111110001100111
1111111110001111
0000000110101110
1111110110010000
1111111110000011
1111111010000110
1111101110001010
1111101111011010
1111110101101100
0000000110010101
1111110000010100
1111110101010000
1111110010001111
1111101001101001
1111110001100000
1111101010100100
0000001000110101
0000001011111010
1111110110100110
0000000010011101
0000001101110010
1111110001101111
1111111100000010
1111110000011101
0000000001001100
0000001000010000
0000000000011011
0000000000010001
1111111011110010
0000000000000010
1111111100101100
1111111000000001
1111111001101001
1111101110001110
1111100110010110
1111111000111000
1111110011000100
1111110000111110
1111110100000111
1111101111011101
1111111011000010
1111111011101101
1111111000101000
1111110101101100
1111110011011110
1111110001001101
1111110011011110
0000001110001110
1111111010110101
1111111011110000
1111110101111110
0000001011001110
1111111011010000
1111101111101011
1111110110100000
0000000100101100
1111111000111011
0000001000100100
1111110101001011
1111111001101101
1111111000100000
0000000100110010
1111110001111010
1111101110000000
1111101010100011
1111101111011000
1111100101001111
0000000000000101
1111101100010010
1111100111110000
1111111111111010
1111110100011000
0000000110110101
0000001100111101
1111111111001001
1111110110011001
0000001001101000
1111111111000000
1111111101010111
0000000111110110
1111110010101110
1111111011101000
1111110101100010
1111111101010000
0000010101100101
1111111111010101
1111111010111111
0000000000110100
1111110001101110
1111101110100011
1111111101100100
1111110010010000
0000000100010100
1111111110100111
0000000101001011
1111111010101110
0000000011100100
0000001001001001
1111111011000010
0000000000001111
0000001110001100
0000000011010001
1111111100101111
0000000010111111
0000000100110100
0000001001110010
1111110011101010
1111111100110000
1111111001101000
1111110001000100
0000001000111001
1111110101000011
1111111000000011
1111110111110011
0000001111101010
0000001001110010
0000001101001101
1111111001000110
1111111000101100
0000010001110100
0000000001011101
0000001110111001
1111110100100001
1111111010011110
0000001111111100
0000010010000111
0000010001110100
0000000001001110
1111110001000100
1111111111100100
1111110110100001
0000000011101101
1111111011000101
0000001010100001
0000001000110110
0000001001101010
0000000011100101
0000001101011010
1111111001011010
1111110011111110
1111111011001010
1111110111001101
0000000011001101
1111111000001010
1111111100101101
0000001110001010
0000000111000010
0000001011101111
1111110011100110
0000000110100000
0000001000110101
0000001110000000
0000000001110010
0000000110000100
0000000101110100
0000000000010101
0000000111110000
0000001101101110
1111111011000100
0000001010101010
1111110001100110
1111110010011011
