1111111110110000
1111110010000001
0000000011111011
0000001100100111
1111110111010010
1111110110010001
0000001000100000
1111110111111001
1111111000111100
0000001110011100
1111111111101001
0000001100100111
1111111111011110
1111111111101011
1111111100101100
1111111010110101
0000000110110010
1111111000000100
1111111110011110
0000000001000010
1111110101101100
1111110011000000
0000001111001001
1111111000110111
1111110111111110
0000001011000010
0000001111010001
1111111110101101
1111110010100000
1111111100011011
0000001110001100
1111110011111110
1111110100010110
0000001000000010
1111111001010100
1111110001111001
0000000001110101
0000001001011000
1111110111100011
0000000110011000
0000000100000000
1111110001110001
0000000000011110
0000000101101000
1111110100110001
0000001101010001
1111110000111101
1111111100011001
1111110011110110
0000000001100000
1111110001011101
0000001000010001
1111111101110100
0000000111001100
1111111111100111
0000001001111001
0000000000101110
0000000111101100
1111110100010011
1111110001000010
1111110001000000
0000000010000000
0000000011100011
1111111100100110
0000001011011111
0000001010000101
0000000100100000
1111101110111101
0000000110101101
1111110101011100
1111110011100101
0000010011011000
1111111110100001
1111110100000011
1111110100100101
0000001110100010
0000001100101100
0000001011110000
0000001000110011
0000000001001001
0000000000101101
1111111000011101
1111110011100001
0000001110010101
1111110101010001
0000000110010001
0000000101101011
1111110011100100
1111110101111011
1111111011011000
1111111100100011
1111110100010101
1111110110011100
1111110011011110
1111111101111010
0000000011011011
1111101011011100
1111101100100010
1111101111110101
1111110100011101
1111110100101111
1111111011110001
1111110001011111
0000001011110011
1111111010110000
1111111011100101
0000001001111011
0000000111010000
0000000010101101
1111111111101001
0000000001010111
1111110011001111
1111111010011001
0000001100000111
1111110001111111
1111111110011111
1111110011101111
0000001100000011
0000000011100100
0000001010011011
0000000001000000
0000000001001100
1111100101100100
1111110100110111
1111110010101010
1111101101000000
1111100110110010
1111111100111101
1111110011010100
1111110011110111
1111100101001100
0000000101001011
1111110101111101
1111111000001110
0000001010001010
0000000010100100
1111111000111010
0000000000110001
0000000101100100
0000000111011111
1111111101100010
0000001100011011
0000001001010011
1111110111011100
0000000101001110
1111101110111110
1111101110011100
0000000011010010
0000000000101110
1111110000101000
1111011110110110
1111111010111000
1111111111110111
0000000011110111
1111111011010101
1111111010001110
1111111101111100
0000000110011000
1111111011001100
1111111101000000
1111110110101010
1111110110110110
0000000010110010
1111110100001100
0000000010110100
1111111111000100
0000000011000110
0000001101001011
1111110010011010
0000001000001001
0000000110111011
0000001010101110
1111110111011001
1111110010100000
1111111110000111
1111110010000111
1111111110111100
1111111111010101
1111111000010000
1111110111111010
1111111010100001
1111111111100100
1111111010011001
1111111001110011
0000000001100010
1111111001100110
1111110001100001
1111111010011011
1111110000001011
1111111110001001
1111111110100001
0000000011111001
1111110010100010
1111111000011101
1111111101010101
0000000000111001
1111111000000001
0000000110110001
1111110011011010
0000001011101011
1111101101111010
1111111111011101
1111111011001110
1111110001101010
1111111000001100
1111101100010100
1111110010010011
1111110101010010
1111101111010011
1111110110101000
1111110100010001
1111111010010000
1111110110001011
1111110011011000
1111110101010101
1111111100000001
1111110110100111
1111110111001011
1111111001101010
1111111000111111
1111111110101000
0000000100011110
0000001010110100
1111111001111000
0000000010001011
0000000001010011
1111110010011001
0000000110010010
0000000101011001
1111110011111111
1111110010011011
0000000100101111
0000000000111010
0000000100011011
1111111100101111
1111101100100110
1111110110110101
1111110101011101
1111101111000101
1111110011110011
1111110001111110
1111111101011101
1111111110111111
1111111001010000
0000000000000011
0000000100000111
0000000100110010
1111110110101101
0000001000110100
1111111101010000
1111110111111001
1111110111011011
1111110111011110
0000001011010011
0000000111110000
1111111101001000
1111110100001101
0000000010011100
1111111001110101
1111111001100101
1111111011101110
1111111101101111
0000000101001111
0000000100010111
0000000101100110
1111111101011010
0000000000011110
1111110100000110
0000001011101111
1111111110111111
0000001000111101
0000000110011010
0000001000101000
1111111101110111
0000000011010100
0000010101000000
0000000010111000
0000001010110000
0000001011111001
1111110110111111
0000001001110010
1111110011100101
1111110101000000
1111110011011011
0000000010000011
0000000011000010
0000000100001011
0000001000111110
0000001110100110
0000000101011001
0000001001111011
0000100001000100
0000010110110110
0000010110001100
0000011000100111
0000001101010110
0000010010011011
0000000111101000
0000001100000011
0000000111001101
0000000101011000
0000000001111000
0000011000101100
0000010101111100
1111110101001110
0000001000010111
1111110010010000
1111111100011111
0000001010001100
1111111011110101
1111111010110011
0000001100011010
0000000001100010
0000001001001110
0000001101001110
0000011001110101
0000010101001010
0000011010100110
0000010101110110
0000011010011100
0000010011111101
0000010000100000
0000001110100101
0000001001100011
1111111100001100
1111111001010110
0000001101010001
0000000100010001
0000001100000010
0000001101111110
0000010101000000
0000001110111000
0000000010100101
1111111011101101
1111110101100101
1111111111111100
0000001011100110
1111110011001101
0000000010100111
1111111000100111
1111111000011110
0000001001000100
0000011000100000
0000011011110110
0000011000011010
0000010010000110
0000000100101000
0000000000011110
1111111111000000
0000000100010111
0000000101001110
0000001101101100
0000000111100101
0000001101011000
0000000001001100
0000001010111000
0000000100001100
0000010100100110
0000001000110001
0000010000010001
0000010011111001
0000001110100000
0000000001011011
1111111001101011
1111111111111000
1111111110100000
0000000010101101
0000000101100100
1111111011110111
0000000100101101
1111111000010111
0000000001100001
0000000101000010
1111111110101001
1111111100000011
0000000110011100
0000000110011000
0000000010011001
0000001000100011
0000001001001011
0000000100011010
0000000110011110
1111111111000110
1111111100111111
0000001001110111
1111111101000110
0000000100100011
0000000010011011
1111111100010010
1111110010100011
0000001001101101
1111110010111101
0000000101100000
0000000010010100
0000000010000100
0000000101111100
1111110110000011
1111110100100001
1111110101001101
0000000110111010
1111111100110100
1111110100010100
1111111110000101
0000001101001011
0000000111101011
1111111011111111
0000000011011000
1111111000111010
0000001000100001
0000001110100011
0000000001000001
1111110011010111
1111111101010000
0000001101100110
0000000010001110
0000010011011101
0000000001001000
1111111111001011
0000001111010111
1111110101100001
1111110001100111
0000000110100011
1111111001001110
1111110011111111
0000000110011011
0000000011110110
1111111110001111
0000000011111000
1111111110101111
0000001001100110
1111111100111011
0000000011010010
0000000010001001
0000000010111100
1111111110011011
0000001110110100
0000000100111111
0000001001010000
0000000011100001
0000000100100000
1111111000101111
1111110000111000
0000000001000111
0000000011101011
1111110100110110
1111111100111111
0000001100010000
0000001101001010
0000000011011001
1111111011001000
1111110111001100
1111110101011011
0000000101100001
0000001011110111
0000000100000100
0000001110111100
0000010110111101
0000010100000110
0000000100111001
0000000000010001
0000000101000110
1111111001001111
0000010100001001
0000000010001111
0000001001100001
1111110110010101
1111111010001011
1111111000001011
1111111100001010
1111111101110101
0000000011011110
0000001001000010
1111111111010011
1111111100101100
1111111110100100
0000001011001000
0000001010110110
1111111001000100
1111111001011011
1111110000100011
1111101001010011
1111101111100110
0000001101001101
0000010010000111
0000101011010010
0000101011101010
0000011001011111
0000100001010100
0000100110010110
0000010101011111
0000010000100110
0000000100100100
0000000111010011
0000001010010110
1111111000001010
1111111111010011
0000000101000111
0000001011010010
1111101100110111
0000000000100001
0000001011100000
0000000000011111
1111111000110100
0000000111100000
1111110100111100
1111110101000101
0000000010110111
1111111001000100
1111110101110101
1111101000111111
1111111001010100
0000010010011101
0000100110110101
0000100100010011
0000110010011001
0000110001000001
0000100100111111
0000001111101101
0000000101101110
0000000010110101
0000000111011111
1111110111110001
1111111101000001
1111111010001100
1111110000110000
1111110001101001
0000000010001100
0000000010110110
1111111001011001
1111110010001101
1111111100000010
0000001101101101
1111110010001011
0000000001011001
1111111010111001
0000000100011101
1111100011110011
1111111001100111
1111111101100101
0000001110110001
0000010001111110
0000001110110011
0000001101111110
0000010010011111
0000011100110101
0000001001101110
1111110110101100
1111111010101100
1111101110000101
0000000100101000
1111111001010011
1111111110111000
1111111101010000
1111101111110010
1111101001011111
0000000000001011
0000001001100110
0000000000110110
1111111100000101
1111111110101000
1111110010001001
1111110001110101
0000000010100100
1111110001111110
1111111001111010
1111111111111010
1111110111110000
1111111011010100
1111110100110011
1111110110110010
1111111011100110
1111110011000111
0000000001101000
1111110101100010
1111111110110101
1111100100001010
1111110110001101
1111101001011001
1111101011011101
1111111010101100
1111101100011011
1111111100110001
1111111100100010
0000000111010001
1111111110100010
0000000101100011
0000000011101011
0000000010000011
0000001001110100
0000000111010010
0000000111010101
0000000010111010
0000000001111001
1111110110011110
1111111010001011
1111110001111101
1111101101000000
1111110001110010
1111111101110110
1111101110101110
0000000000001001
1111101101010101
0000000000001101
0000000001001111
1111101011111101
1111111100100000
1111111111010011
1111111000101100
1111110001000101
1111101011011010
1111101111101101
1111110100011110
0000001010101100
1111101111111100
1111110001001000
1111111100110111
1111110010001111
1111110110110000
1111110111000001
1111111000100011
1111110000101010
1111110111010101
1111110110100110
1111110011111011
1111110010111100
1111110101011111
1111111010001111
1111110000011000
1111110111111010
0000000011000110
0000000111011001
1111111000011101
0000000001000110
1111110100111000
1111110100100101
1111111010000011
0000001000010110
1111111101111000
1111101011001110
1111110001111000
1111110111100001
0000000001000100
1111110011110000
1111111110011010
1111110000101101
1111111101000111
0000000011110011
1111111110111001
0000001010010010
1111110100010110
1111111010101100
1111111100100000
1111111111100011
1111111100101110
1111110111000011
1111111101011001
0000000000001011
1111111010011011
0000000111010010
0000000101011110
0000000011000100
1111110100110000
0000000101100101
1111110101000010
0000000011010010
1111110000100010
0000000011111110
0000001000101100
0000001001000000
1111110100110001
0000001001101010
1111111100011010
0000001100100001
1111111110100010
1111111110011111
1111110010110101
1111110001101000
1111111001100000
1111101011101010
1111100000110111
1111111101011100
1111110011100111
1111111110111100
1111101010111001
1111111010111100
1111110000011110
0000000001110011
1111111101101000
0000001100100001
0000000010010010
0000001100110010
1111111110100100
0000000111010001
0000000000110010
1111111111100001
1111111011101011
1111110101011010
0000001111000000
0000000000000101
0000001010000100
1111110011100010
1111111111001100
1111111000000111
0000001000011000
0000000101101101
1111110001101001
0000000111101000
1111101101000001
0000000101101001
1111101110110111
1111110011000111
1111110000110110
1111111000001101
1111110101000100
1111101110111010
1111111110110101
1111111000010001
0000000101101011
1111110111010110
1111110011011001
1111111010111010
1111111010001101
1111111110001001
1111110101110011
1111111111100001
0000001000011000
1111111101001101
1111110010010110
0000000010101011
0000001010110101
1111111001011011
0000001000011110
1111110001001110
0000001111110000
1111111110011000
0000000110011000
0000000000100010
1111111101111111
1111111000011101
0000001101000001
0000000011100100
0000000110010011
1111111011110111
1111110110100010
1111110110111101
1111110011100101
0000000100110010
0000000000001010
0000000010111100
1111111100011001
0000001001111100
0000000001000110
0000000110110111
1111110010001000
1111110001110101
1111111010001001
0000001100100100
1111111100101001
1111110110000000
1111111100001111
0000001010000111
1111110011001010
0000000010101111
0000000010100011
0000001000011001
0000001001100010
0000000111010101
0000001110001110
0000001001000010
1111111001111100
0000000010010000
0000000101011000
1111110111001000
1111110010001001
0000001001100101
1111111000010011
0000001101101101
1111110001010010
0000001010011101
0000000001110111
1111110010100001
1111110000111101
1111111100100011
1111110010111100
