0000000100111001
0000000010100011
1111110101000010
0000001011011111
0000001100110001
1111111011011010
1111111001010001
1111111010010111
0000000010100101
0000000100101101
1111111100001110
1111111100100010
1111110001001100
1111111011110100
0000001101101011
1111110001011100
0000001101000001
0000001101001110
1111111011000001
1111110010010011
0000001110100110
0000001011111000
0000000010101000
1111110001011110
1111111000011001
0000000111001100
0000001000100000
0000000110000101
1111111111111101
1111110101010001
1111111010100001
1111111111111100
0000000111001000
1111111111110010
0000000011001001
1111111000001011
0000000100001000
1111110011011110
1111111100010110
1111111111010100
0000000110011110
1111110100110010
0000001011110000
0000001001110110
1111111010101011
0000000000010111
0000000101110111
1111111110000111
1111111000011101
0000000100101011
0000000101000101
0000000100100101
0000001110100011
0000000111100011
1111111000011000
1111111110010100
1111110001111110
0000000111000011
0000000110001000
0000001000010101
1111110000110111
0000000010010110
0000001000111010
0000001001010101
0000000110101101
0000000101111001
0000001100111011
1111110010110101
0000000110110111
0000001011011110
1111110100011101
0000000010100010
1111111000111110
0000000100100011
0000000010110100
0000000010011000
1111111101100001
0000010000100110
1111111001011100
0000000000110011
1111110000111001
0000001011010101
0000001111001011
0000000000001000
1111111001111111
0000001001100110
1111110100011010
1111110100100101
1111110101011100
0000001110001001
1111110110010100
0000001000110110
0000000111110100
1111110110100011
0000000110101100
1111110111010001
1111111111011101
0000000101010010
1111110111101000
1111110011010110
0000001001111111
1111111100010010
0000000010011010
1111111100111110
0000001111010000
0000001100101111
1111111010010101
0000001011100011
0000001110101001
1111110100011011
1111111101110000
1111110001001100
0000000100100001
0000000000111100
0000000010001001
1111110001001010
1111111010101001
1111110101100101
1111111011010010
1111111011111010
0000000011001000
0000001101100011
0000001101000010
1111110111010010
0000000011000011
1111110001110010
1111110101101100
1111110111001110
0000000010100000
1111110110010101
0000000011000100
0000000001100111
0000001011101011
1111110111100001
0000000000100011
1111110100100010
1111111111100100
0000000011011100
0000000101011010
0000000110100000
0000001000111010
0000001100010000
1111110111000101
0000000000011100
1111110011000001
0000001100011110
1111111001110010
0000010000010000
1111110000010101
1111111100011000
1111111101111100
1111101010001111
1111111010100100
1111101111111011
1111111100111111
1111110110110110
1111110000111010
1111111100001101
1111111010110101
0000000001100010
1111111101011010
0000001010001100
0000001001110001
0000001011000111
1111111101100100
1111111000110001
1111111110011001
0000001101111000
1111110110011011
1111111110011001
1111110110110111
1111111000011111
0000000011100010
0000001011110000
0000000110011010
0000000000000100
1111111110110011
1111111101100100
1111111000101110
0000000011111001
1111111111101101
1111111100001101
1111101011101100
1111101110100011
0000000010010001
0000000110000000
1111101111001011
0000000110010111
1111110100111000
1111111100110100
1111111001010000
0000010100001001
0000001101010011
0000000110111111
0000000001000110
0000001011010100
1111110001100010
1111110001011011
1111111001011110
1111111010100011
1111111001011010
0000000001001001
1111110010100010
1111111101000011
0000000101100001
0000000100110101
1111111101111111
1111110010011000
1111111110110111
1111111010110000
0000000001001011
0000001011100010
0000000010001110
1111110110000000
1111111010100111
1111111001110000
1111111000011110
1111110101011100
0000000011101101
0000001101001110
0000001000110011
0000010101111110
0000000110011100
0000000010010101
0000000100100111
0000000011110011
0000001100101001
1111110110111001
1111111111101011
1111111001110111
0000000010001111
1111110001110010
1111110110001000
1111111011010001
1111111001011010
1111110111000000
1111110011111110
0000001001110001
1111111001100000
1111111101110110
1111101000001101
1111101011100100
0000000100110111
1111110110111101
1111111111101000
0000001010100000
0000000101000101
0000001001010010
0000010011000100
0000001000000011
0000000111010100
1111111001101100
1111111110101010
1111111100011111
1111110010100100
1111110100110001
0000000010010110
1111111010100001
1111110110001101
1111111000010010
0000000010111011
0000000011111011
1111111011001010
1111111101010111
0000001011010101
0000001001101100
0000000000110101
0000000001001010
1111011101110101
1111110101010110
1111110110101110
1111110010100001
0000000000111100
1111111001001011
1111111000101101
1111111101011111
0000010100101110
1111111111111101
0000001001001100
1111110111110000
1111111000010011
0000001011101000
1111110110011111
1111110101001001
1111111110011010
1111111110010101
0000000011110111
0000010110010011
0000010001000000
0000000010000011
0000000101111100
0000001001111001
1111111101011001
0000001110101110
0000010100111001
0000001010010100
1111111110001101
1111110000111100
1111101111101010
1111111001110011
1111110011110110
0000000100001101
1111111001000101
0000001011001100
0000000111100111
1111111100110011
0000000101010100
1111111101011111
1111111000100010
0000000111011010
0000001011011110
0000000101010001
1111111000101010
1111110101010001
0000001000111011
0000001101111011
0000001111101110
0000010011110110
0000001111000100
0000010001010010
0000010011010110
0000110001101001
0000100100100011
0000010011111110
0000000001010100
1111111011001111
1111111100011111
1111101010101010
1111110001010001
0000001101011001
0000001111110001
1111111000101010
0000001110010100
0000010010000111
0000001100001000
0000001010001001
0000000010011110
1111110010000100
0000001111011101
1111111010111111
0000000100011001
0000010011101110
0000010101011100
0000010011010010
0000001000110010
0000011010110101
0000011001110001
0000100110010011
0000100000001000
0000101011010110
0000110101011000
0000100111111101
0000100111111101
0000011001001010
0000001000110011
0000001000110100
0000000001001001
1111111101010110
0000010010111101
1111111100110000
1111110110000001
0000000111111100
0000000111010111
1111111001100011
1111110101100111
1111111100000001
0000001111100001
1111111110111111
0000001000110001
1111110111111100
0000000000111101
0000000010111011
0000010001011110
0000000001101100
0000001011101010
0000011000000110
0000001101101100
0000011101100110
0000001111110100
0000100011100111
0000001110001111
0000000110010111
0000011101100111
0000010100000111
0000010000111100
0000000101110100
1111111100100100
0000000010111111
1111111100011101
1111110110111010
0000001100100101
1111111100101111
0000000001100101
1111110101011100
0000000001000011
1111110110110000
1111101111011111
1111111010000000
1111111110011101
1111110001011001
1111111010100000
1111111011010111
0000000001101000
0000000101001100
0000010000000001
0000001000010100
0000001101011000
0000011000110101
0000000100110101
0000010110011110
0000000010001011
0000011000001110
1111111010110001
0000000110001101
0000000011101101
1111110101010110
1111111001011100
0000001100011100
1111110100110100
0000001010001001
1111111001101001
1111111100110010
1111111011110000
1111111100001101
0000000100111110
1111110010111110
1111100101001111
1111100110011010
1111110101110010
1111111100001100
0000000010111001
0000000110110111
0000010000110110
0000001011100001
0000001111000001
0000000011100011
0000000011010100
0000010001111101
0000001001101111
0000001010110100
0000000101110101
1111110110001111
1111111100100001
1111111111010010
1111110010111010
0000000011001001
0000001001111011
1111110010110101
1111110100110111
0000000011111010
1111111111101100
1111111000110100
1111110111001111
1111110010010000
1111010111111010
1111101000010111
1111101000010000
1111110000111011
1111110111100000
0000001001011100
0000000011100110
0000010001011101
0000000010101001
0000010010010000
1111111101100110
1111110100101110
0000000101011001
1111110000111101
0000000010010011
1111101111011010
1111110010111111
1111111010111001
0000000011011011
1111101000000101
1111101110010011
1111110000100001
0000001110110011
0000000111110010
0000001000011100
0000000110100110
1111111100000000
1111101100101010
1111011011110100
1111101111010010
1111011111011010
1111110111000011
1111100010110110
1111110011100011
1111110010110100
1111110000010001
0000000111000101
1111111101110001
1111101101010011
0000001010100011
0000000001011101
0000001000101111
1111111011111001
0000000000100000
0000000010011000
1111110010100101
1111111101101000
1111101110000111
1111110000100111
0000001010001001
0000000100101000
0000000001010011
0000000101101010
0000010010111000
0000000010110011
1111110101010110
0000000001000100
1111101010011100
1111111010000000
1111110011111110
1111111000100111
1111101100010100
1111110010101100
1111101110111011
1111111110000100
1111110101110101
0000000110111101
1111110111101011
1111110100101101
1111111011110000
0000001010101010
0000000111010011
1111111010011100
1111110111010100
1111100010101001
1111101111100010
1111110001111111
1111110001100001
0000001101110101
1111111110100010
0000001000101110
0000000111100100
0000001010011000
1111110111101000
0000000001010000
0000000010111101
1111110111010101
1111111101111000
1111110001000001
1111111101111110
1111110101010110
1111111101010010
0000000101101001
1111111111110000
0000000000101000
1111110010001100
0000010010101110
1111111110101010
1111111111011110
1111110101001011
1111110000110101
1111110111111001
1111101110110101
1111111011100010
0000000011101100
0000001101001111
0000000001011000
1111111010100111
0000000010100001
1111111110010010
1111110011110001
0000001000001001
1111110101111100
0000000100010011
0000000001100001
1111110101111010
1111111110001001
1111101110011100
1111110101000011
0000000011010100
1111111110110000
0000001000111011
1111111111110001
0000010000001010
1111111100111001
1111110111000011
0000000010100101
0000000010001100
1111101010001001
1111110101110000
1111111101101101
1111101111000010
1111111001111000
0000000100110011
1111111101000010
0000000001110000
0000001001000001
1111111111000100
1111111101001000
1111110010011101
0000000111101001
0000000101111010
1111111000101010
0000000100101010
1111111110000010
1111101110100001
1111111010100011
0000000101110001
0000001100001000
0000000001110000
0000010100101000
1111110011101111
1111111011110000
0000000101110001
1111110111110011
1111100111001010
1111101011011100
1111111001100001
1111101011000110
1111101110001011
1111111011011001
1111110111000101
1111111101101001
1111111011110010
1111111011001111
0000000010000000
1111111101011110
0000000001010111
0000000011011111
1111110011010001
1111110101100110
0000000011100000
1111110000011010
1111111110101110
0000000011000101
1111111101001010
0000000010101010
1111111101111000
0000001000101000
0000001100000110
1111101110011010
1111101000010010
1111110011100000
1111111110000010
1111110101110111
1111111110001111
0000000101111010
1111111111111101
1111111000101110
1111111101100111
1111110010111100
1111111000101001
1111111110001000
1111110101001101
0000000110010100
0000001000001010
0000000000100001
1111111000101001
1111111111011011
1111111000101100
0000001100010101
1111110001001100
1111111011000001
0000010011110100
0000010001011100
0000001110001110
0000000110101101
0000001010100101
1111111011011100
1111111010101100
1111111001011001
1111101110010011
1111111000111110
1111110100100000
0000000110111101
1111111001001111
1111111111110000
0000000011011011
0000000000000000
0000000011111011
1111110010000010
0000001100101101
0000000000001010
0000001001001101
1111110101100111
1111111110111001
0000010011101001
0000010010100110
0000010010110001
1111111000111100
0000000010100111
0000000001000001
0000001010000111
0000000001100110
0000011000111000
0000000001011110
0000001110001011
0000001101100110
1111111011111011
1111110101100000
0000000000001111
1111111111110010
0000001001011000
1111111011001010
0000001011100110
0000000000001010
1111110111001110
0000001101010110
1111110111011010
1111111100110100
0000001100101010
0000001010010011
1111111111110101
0000001011010101
0000001011010000
1111111010100010
0000001010010111
0000000100001000
0000001011110000
0000000000011000
0000010100101010
0000001011110000
0000000100010001
0000000010110011
0000000111010000
1111111000101001
0000000001001000
1111110101111011
1111111110010101
0000000011110000
0000000101100101
1111110110111101
1111111010100111
0000000000100001
1111111001000100
0000001110110110
0000001100111110
1111110101000111
0000000101010011
0000001000100000
1111111000000001
1111111011100011
1111110111111110
0000001111011100
0000001111100001
0000000011000011
0000000100001010
0000001010011001
0000000101101100
0000001101111100
0000000011001110
0000001101001110
1111111001111100
0000000101100101
1111111101110000
0000001100110000
1111111010010011
1111111000010010
1111111100111101
0000001100001010
0000001100010110
0000000110111000
0000000001110101
0000001000101101
1111111000100001
0000000100101100
0000000010101101
0000000010001011
1111111000011011
1111111100100000
0000000100111111
0000000101100001
0000001100000111
0000001001001101
1111110110111010
0000001100110110
0000000101010010
0000001100010101
0000000111001011
0000001001001111
0000001110111101
1111110110101101
0000000010111100
1111110000111010
0000000011101110
1111110110101000
1111111111101001
1111110111110111
1111110001010001
0000001001011001
