1111111100101101
1111111000100101
1111111001101000
1111111111100111
0000001011110000
0000000100001010
0000001001000011
1111111010101101
0000001110010100
1111110111001111
1111111100110001
1111111011000001
1111111101011011
1111110001000111
0000001100101011
0000000010111110
0000000010111101
0000000001011110
0000000110100100
1111110110100110
1111110010101110
1111111010100011
0000000111101011
1111110111001101
0000001010111111
1111111010011100
0000000001011100
1111110011100010
0000000110101010
0000000011001010
0000000011111100
1111110111100101
1111111101101011
1111111011010001
1111110010011011
0000000000001000
1111110011100001
1111110111110001
1111111101101100
0000000110011011
0000001010000110
1111110100111100
1111110101111000
1111111101101001
0000000000000111
0000000001010110
1111111110001110
0000001101000110
1111111101111101
0000001001111101
0000000111011111
0000000101000000
0000000011110101
1111110011110111
0000000101100000
0000000101111110
0000001110000101
1111111110111010
0000000101000011
0000000000000101
0000000111011110
1111110111011100
0000001100101100
1111111010100111
1111111101111111
1111111111101110
1111111101001001
1111111011100101
1111110101101101
1111111111011010
0000000000100110
1111111101010010
0000000100000100
1111111110000101
0000000000010010
0000001010000000
1111110111100100
1111111000010100
0000000110111111
0000001101011110
0000001111100010
1111111110100000
0000000110101111
0000000100010011
1111111010001111
0000001101000001
1111110111110001
1111110101111000
1111110111101011
0000000000010111
1111110010001010
1111111000101110
0000000111010010
1111101101100110
0000000000000111
1111101010001111
1111101111100010
1111101110111011
0000001010101110
0000000010001100
0000000100001110
1111111110101011
1111111001001011
0000001001011110
0000000001111111
0000000001100000
0000010011111010
1111110011110010
1111110101101100
1111110101010100
1111110111010101
0000000011101110
0000001000011000
1111111100101001
1111110111110100
0000000000000010
1111111001111110
0000001101100111
0000001001001011
0000000010011100
1111110100100011
1111110100101101
1111110101011000
1111110101001110
1111111011110001
0000000100000101
1111111000110101
1111111010100010
0000000101011110
1111110110100001
0000000011000111
0000000001110001
0000000011110101
0000000101101000
1111111101001001
0000001011101000
1111111100110001
0000000001101111
1111111001010000
1111111011010100
1111110001000010
0000001100101001
1111110001101000
0000001110011001
1111110001110010
0000000001000101
1111111010000010
1111110111001101
1111111011011101
0000000001111001
1111111001011001
1111111111001011
1111111001100000
0000001001111111
1111110000001111
1111110100011101
1111110101100000
0000001000100101
1111111100001111
0000000001101100
0000001001001000
0000001101010011
0000001001111000
0000000110001000
0000001000110001
0000001100011010
1111111011110001
0000000111011101
0000000001110100
0000000101110001
1111110110101010
0000001001111000
1111111101100000
0000000000000111
1111101001001011
1111101111110001
1111110110100001
1111110111010001
1111111001000111
1111111101001101
1111110001010100
1111111010101010
1111111110101101
0000000001011010
1111111100100110
0000000001010000
0000000000101011
1111111110000001
1111111101110101
1111111001010010
0000000101110010
0000011001011010
0000001111110001
1111111101110000
0000001101110001
0000001001011001
1111110110111101
1111111001011110
0000000001000001
0000000100110101
1111110001101011
1111111110100000
1111110011000110
1111110011001011
0000001000001010
0000000010111101
1111110011010101
0000000111110000
0000000111101100
1111101101101111
1111111011011101
0000001100000010
0000000011111010
0000000110111000
1111111001110000
0000000101101111
1111110100101111
0000010010000010
0000001001110011
0000010100001110
0000000010010110
1111111110110111
1111111100110110
0000001110011011
0000000010110100
0000000000100111
1111110001101010
1111111001101000
1111111100101010
1111111101100000
1111110100101011
0000000111110000
1111110111010110
1111101111110010
1111111000010001
1111110100111000
1111111111100011
1111111101011101
0000000011111110
0000001111101100
0000000000011101
1111110001000111
1111110101000110
1111111110110000
0000000000000000
0000000011000100
0000001001011001
0000001110011001
0000001101000011
0000000111101001
0000001111001001
1111111100011011
0000000000110010
0000001001000111
0000001101000101
1111111111001010
0000001001011010
0000000110001101
1111111001110000
0000001111100101
0000001100101011
1111111110100001
0000000110001000
0000000010110001
0000010100001101
0000000100111101
0000001001100000
1111110011110110
1111101011011111
1111110100011011
1111101111000011
1111100111010100
1111110011100110
0000000111111111
1111110101011110
0000000011011011
0000010000100101
0000010110001000
0000010000000010
1111111110000011
0000001101110110
1111110001110110
0000001000110100
1111111100110011
1111110111001100
1111111101010111
1111111011110110
0000010111001001
0000001101101110
0000011001000111
0000010101111001
0000010111000011
0000001101000101
0000010011001101
1111111011110010
1111101000110110
1111100010010010
1111101110000100
1111110001100111
1111101111110100
1111100000101010
1111011111011011
1111100111010000
1111100110001010
1111111001010110
0000000100001011
0000001100101010
1111111100010011
0000001010111001
0000000101010010
0000001001001110
0000000011001001
0000000000001100
0000011011101100
0000001011000011
0000010000011110
0000010010010010
0000011000110011
0000000110011111
0000010100110001
1111111010111001
0000001001110101
1111111010000000
1111101110100100
1111111111101111
0000000011001111
0000000001011010
1111110010110000
1111101011100110
1111101011011000
1111110000111101
1111100110001111
1111111100000101
0000000001000001
0000001100111000
1111110111011010
0000000010010010
1111111110000001
0000000010111001
1111110011010100
0000010001011001
0000000111111001
0000001001100000
0000011101110011
0000010100011111
0000000011011111
0000010100101010
0000001111001110
0000000011001101
1111110011010011
1111101010000011
1111111000100100
1111111010100001
0000000101001010
0000000100011101
1111111000001100
1111101111101011
1111101100111011
1111101011011000
1111101001110111
1111101011000000
0000001010110110
0000000101001001
1111110010110011
1111111110011010
0000000111010110
1111110110110010
1111111000100001
0000000111000110
0000001100100011
0000010010111100
0000011000000000
0000000000101101
0000001010110101
0000000100100010
1111111010111110
0000000000001111
1111101001001011
1111110101010101
0000001000101000
1111111100100001
0000000011000101
0000010100001101
0000010001011101
1111111010001010
1111110101111100
1111101101000001
1111101010110110
1111101011010110
1111101101101000
0000000011000100
1111111111011110
1111111010101101
1111110010111000
0000001111110011
0000000100101111
0000001001010111
0000010001001001
0000000111000111
1111111001100100
0000000110111001
1111111111110110
1111111110000001
1111110110110110
0000000100100011
1111101011001101
1111111010101001
1111110111001001
0000000000000001
0000000111000001
0000000001110100
0000010010001001
0000010011111011
0000000000100111
1111111001011100
1111110000010010
1111110001001000
0000000100110100
0000000011100101
0000001000110001
0000000011011101
0000001010011111
1111110110110000
1111111010011000
0000000110001001
1111111000111010
1111111001000000
0000000110000011
0000000000110101
1111110011001011
0000001111001111
1111111011101100
1111111011101010
1111110100001010
1111110110011111
1111111100100110
0000010001011110
0000010010101011
0000000111111100
0000000101101111
0000001000101110
0000010000110110
0000000011110001
1111111110100111
1111101010101001
0000000010010111
1111110111110110
0000000100111001
1111111001000100
0000000100110010
0000001010011100
1111111101001101
1111111100101100
0000000001111001
1111110100111000
1111111011000001
0000000011110100
1111101010010111
1111110011010111
1111111101111011
1111110011010000
1111110100111011
0000001111110111
0000010110010000
0000000101000000
0000000001000101
1111111000011101
1111111011110010
0000000110110000
1111111100111101
0000001000000000
1111110110100011
1111100111001011
1111111000110100
0000000100111110
1111110001110000
0000001011111111
0000001111100000
1111111101010011
0000000100101100
1111111000010000
1111110110000100
1111110011100001
0000000100010111
1111111110110100
1111101110011000
1111110111101000
0000000000011010
1111110100101110
0000010110110100
0000011001001110
0000000001011001
0000000100100011
1111111001000011
0000010010010111
0000001011111101
1111111100011101
1111111010010110
1111101111010010
1111101111100101
1111110111010000
1111111101110001
1111110101100100
1111111111011011
0000001001101010
0000000000110111
0000001110010110
0000001000001101
0000000011101100
0000000111000010
1111111010000110
1111111100011010
1111110000111010
1111101000100111
1111101000111001
1111101110011111
0000000000111010
0000010000101111
0000000010011101
0000001111001110
1111110100100101
0000000110110110
0000000001001100
1111110001110000
0000000011000101
1111110011101101
1111111011110101
1111101110010110
1111111001011010
1111110011001100
1111101111001010
1111110101001011
0000000100101010
1111111000001011
1111111000100110
0000001001101000
1111111010110010
0000001011100101
1111111101101110
0000000000110100
1111111000000110
1111100111101011
1111011100000110
1111110001000110
0000011000010010
0000001101001000
0000000001010010
0000000100101101
1111111001101111
0000001000100011
0000000000010010
0000001000111111
1111101011110101
0000000000000011
1111111100100111
1111101111000001
1111111111110010
1111110111001111
1111110101111001
1111110110001010
1111111111000011
1111110111000100
1111110100111010
1111111011000111
1111110110000010
1111111000101011
0000000010110111
1111111100001100
1111101110110011
1111100100010100
1111101001111001
0000000110011001
0000000000101000
0000010110010110
0000001011000101
0000001011111101
0000000110100000
0000001001101101
1111110110101011
1111111111101100
0000000011111010
1111101111101110
0000000011101110
0000001000010000
1111110000110000
0000000010011000
0000000010011000
1111110111011010
1111111001101000
1111110011010000
1111111011011011
1111111000110010
1111110100000001
1111110001111011
1111110111000100
1111100010011111
0000000011010111
1111101111111110
0000000001111010
1111111101001111
0000001000111000
0000010000000111
0000000011001000
0000010100000011
0000000110100001
0000011100100000
1111111000001011
0000000011111101
1111111000110011
0000000111111101
1111111100001101
0000000000100101
0000000000010100
1111110111101011
0000001100001011
1111110010110101
1111110011100010
0000001001100000
0000000001110110
1111111010100111
1111110001101011
1111110101111110
1111110010100111
1111101101010001
1111101000001001
1111110011011100
0000000010000100
1111111111110100
0000010001110000
0000000000000011
0000001010010100
1111111111011110
0000000011010011
0000000000000000
0000000100110000
1111111001011101
1111110111011111
1111111010110000
0000001100101011
0000000001100111
1111110110011011
1111111100101001
0000000011110101
0000001010100111
0000000000000111
0000000001101101
0000000101010101
1111110110011001
1111110101001101
1111110011011010
1111100010101111
1111110011011111
1111101111010000
1111110000000101
0000000011001001
0000000101010010
0000000000100001
1111111111100110
1111111000000100
0000000010111001
1111111101000011
0000000111010000
0000000111001100
0000001100110111
0000010000100000
0000001011100111
0000000010101111
1111110100100110
0000000011001100
0000000110110100
1111111111111000
1111111010011101
1111111010110110
1111110111101110
1111101111011100
1111110010100011
1111110000110111
1111110010101110
0000000100001100
0000000001100001
1111101101010101
1111111000100100
1111110111011011
0000000111110010
1111111010001001
1111111100001111
0000000000010101
1111111111000011
1111111100010111
0000000000100001
1111111011100110
0000000000000001
0000001111100100
0000001000101100
0000000001000010
1111111110010101
0000001110010010
1111110001010110
0000000111001100
0000001000111001
1111110011110111
1111111010101000
1111110101110000
0000001000110100
0000001011101101
1111110101010101
1111111011111101
1111111010000011
0000000011001000
1111101111111000
1111111011111011
0000000010110100
0000000100110100
0000000100000100
1111111110101010
1111111110110011
0000001101101000
0000010000011100
0000000100011101
1111111100100100
0000000110100101
0000010011101000
0000001000011111
0000000001010110
1111110010101101
1111110011010010
1111111001001110
0000000101001010
0000001110110111
0000000101101010
0000001010101110
0000000110011111
1111110111111101
1111111000100010
1111111010000100
0000001100001101
0000001111100111
1111111011010101
1111110111111010
0000000001101111
0000001001000101
0000001011111100
0000001110101110
1111111010000001
0000001011100000
1111111110110100
1111111011001100
0000000011110011
0000010001111101
1111111101000101
1111111001110000
0000001011110111
0000000111100001
1111110011101110
1111110001011100
1111110000101011
0000001011000111
0000001010011001
0000001111000010
0000001111001010
1111110001001000
0000000000111010
0000000000101011
0000001011000000
1111110111100000
0000001100011000
0000000111101111
0000001011010001
1111111001111110
1111110011000101
1111110100100110
0000001101111010
1111110001100111
0000001010101001
0000001101101010
0000001101110010
0000000001001101
0000000110011000
1111110100010101
1111111111110001
0000001000011011
1111110111010000
0000000110011011
0000001110000100
