1111111111101111
1111110001001100
1111110110010101
0000000000100110
0000000111110011
1111110011011101
1111111101011111
1111111010111000
0000000101111101
1111111110010100
1111111110011010
1111111011001100
1111110010010000
1111111001011111
1111111001101010
1111111111010011
0000000001101001
0000001110011111
0000001110111101
0000001100011011
1111110111010100
0000001011000010
1111110110111110
0000001101010100
0000001100000111
1111110111111111
0000000010100011
1111111001000010
0000001010111111
0000000011000000
0000001101100010
1111110001011010
1111111011110101
1111111101111101
1111110001111100
1111111000111111
1111111101000110
0000001100110001
1111111110001011
0000001001010000
0000000000000111
1111111101010010
1111111101100010
0000000001110100
1111111000010010
1111110101000000
0000000000101110
0000001100000110
0000001010111011
0000001000100110
0000001110011011
1111110100100001
0000001110000011
1111111100101110
0000000001011111
0000000100111101
1111110010110101
0000001100101001
1111111011000010
0000000000100101
0000001110111100
0000001010011010
0000001110111001
1111110011011011
1111111001111101
1111111010110110
0000000111111111
0000000110010100
0000000110100000
0000001010010111
0000000011100010
1111101111101000
0000000101011111
1111111100000000
0000000001000101
1111111101111101
1111110010000100
0000001000000111
1111110111101111
1111111111110001
0000001100111010
1111111001011101
1111111110100110
1111111100000110
1111110100010011
1111110011001000
1111111100110101
1111111110010100
0000001100110011
1111111100111101
1111110110111111
0000000101110011
1111111011110010
0000001011110011
1111110000100001
1111110110111000
1111110110010001
1111110111010001
0000000110101000
1111110000100001
1111110110001100
0000001001001101
0000000011101010
1111110010011100
0000001110001101
0000000001001001
1111111000000111
1111111111010000
0000001111010000
0000000011111110
1111110000111100
0000001110000011
1111110110111000
1111110011011011
1111111001000110
0000000110000111
1111110110111110
1111111000010100
1111111111001011
0000000110110001
1111101110011101
0000001000001011
1111110111101100
1111101111111100
1111110001110101
0000000001101101
1111111000100100
1111111101100110
1111110101000111
1111111000101100
1111111100101101
0000000000111011
1111111011111100
0000001010000101
1111110011100011
1111111101000010
1111110111011001
1111110000110111
0000001101000000
1111110000101001
0000001000001101
1111110001100001
1111111011100111
0000000101010001
1111111010101000
1111110001010111
0000001011001110
0000001110010011
0000000111101110
0000001110011001
0000000010100101
0000001010011000
1111111101100001
0000001100000000
1111110000111100
1111110011111000
1111111001010110
1111101110100011
1111101101000001
1111100011100100
1111101000101010
0000000010000100
1111110100110001
0000001101011110
1111111011100111
1111111000001100
0000001001101101
1111111110110001
0000000110000101
1111110101001110
1111111001000000
1111111100110101
1111110100001010
1111111110111110
0000001011011011
0000001011111101
0000011101010011
0000011110000011
0000010001011001
0000010010110101
1111111011011100
0000000000110011
1111110011010110
1111111000011010
1111111000001111
1111111000101111
1111111011101110
1111110101011111
1111111010111111
0000000101000001
0000000110001111
1111101111110100
1111111100011011
0000001011111001
1111111010010011
0000001010010011
1111111100100001
0000000011011010
0000000010101101
0000001100110011
0000000001010000
1111111101100011
0000010011110011
0000001111010001
0000000110110111
0000011010100001
0000010010110001
0000010011010000
0000000110111001
0000000100000101
1111111011111001
1111111011010001
0000001010100101
0000000011111011
1111111001101001
0000001000100010
0000001100111000
0000000010001110
0000001100100001
1111110000011011
1111110111111101
0000000011110111
1111110100010011
1111110110011110
0000000111001010
1111110010011000
1111111101110000
1111111010110100
0000010110001000
0000010100100101
0000001101111001
0000011110000110
0000001010110100
1111111101001101
0000010101111110
0000001011011011
0000010111000101
0000000111001011
0000011101101100
0000000010010111
0000000011010010
0000000111110111
0000001011001100
0000000101001110
0000000110111101
1111111100100000
1111111010101001
1111111101111110
1111111000011110
0000000000001110
1111110110100110
1111111101011101
0000000001010101
0000001110010010
0000000110110001
0000010011110101
0000000011000010
0000000010100110
0000000110010000
0000001110100011
0000000100101000
0000000101111010
0000011001110100
0000000001001111
0000001001000100
0000001000111011
0000100010010100
0000001010110000
0000000001001111
0000001010101001
1111111101011111
0000000010010111
1111110010111001
0000000000101101
0000000101010111
1111111011100001
1111110001101111
1111110000001110
1111110100110100
1111111101111000
0000001001110100
0000000011010001
0000001001101011
0000001110010000
1111111110101001
1111111111101000
0000010101010000
0000000111110011
0000010010000111
0000001100000010
0000000110011000
1111111110111110
1111111110001101
0000001011000101
0000000101011100
0000011000100110
0000001011101101
0000000111100110
1111111101000100
1111110110001100
0000000110100001
0000000000110000
1111110111111001
1111110111100000
1111111110100110
1111111110010001
1111111110100011
1111111101001111
0000001110000001
1111111101000110
1111111011100000
1111111001000001
1111110100111110
1111111100100111
0000000011011001
0000000010111100
1111101100100110
0000001010011000
1111110111100101
1111111101001111
1111011010000001
1111101110111101
1111110001011010
1111111000111000
0000000001001111
1111111111111110
1111111100010011
1111101001100011
1111111001100110
0000000101111001
0000000110001010
1111101111100001
1111110101111001
1111110111010111
0000000111110001
1111110001000010
1111111110010101
0000001010001000
1111110011110110
0000001001001110
0000001010010111
1111111101101011
1111110001011101
1111111110101110
1111110001100101
1111101111001101
1111100011111000
1111101010010100
1111101001010000
1111001110010110
1111010011011101
1111101010000001
1111111000100110
1111111100000110
1111111001010011
1111101010011111
1111100101000001
1111101101111010
1111101110110100
1111110011110000
1111111100001111
0000000111000101
1111111100100111
1111110100000011
0000000000110110
1111110111010000
0000001000111000
1111111010010011
1111110010110101
1111100110001111
1111100000010010
1111100111010111
1111101110000111
1111101000101110
1111100001000001
1111101101010101
1111011010011010
1111101110011010
1111110100110011
1111110110110110
1111111101110111
1111111111110100
1111110101011100
1111110011110110
1111110000000011
1111111001010100
1111110100010011
0000001010011010
0000001010101001
0000000101110010
0000001100011010
1111111100000110
1111111111110001
1111111010011000
1111111010010010
1111110110111111
1111111010100001
1111100011110001
1111110001101001
1111110001000010
1111100000111111
1111100111100100
1111100101001011
1111111100101110
1111101010110010
1111110010010001
1111111000010100
0000000010000001
1111111100111100
0000001010000111
0000010011101101
0000001101111111
0000000110100110
0000000100111011
1111110110100000
1111111110111100
1111111010010101
0000001110110101
1111111101001110
0000001000100110
0000000100010011
1111110100000111
1111110111000011
0000001000110110
1111111101101101
1111111110000100
1111011111101000
1111101001110110
1111100111100011
1111110101111011
1111110110101110
1111110101000011
0000000011011000
1111101111101011
1111101110000100
0000000011101100
0000000011000011
1111110101101000
0000001111000001
1111111110000000
0000001110011111
0000000011010011
0000000010001110
1111111100111110
0000001000111100
1111111010000110
0000001001100110
0000000101010111
0000000110101111
0000000011011110
0000000111011000
1111110011001000
0000001010011101
1111111110010110
1111110011001111
1111100110100001
1111111001011011
1111111011111011
0000000010000101
1111111110010010
1111111100101101
0000000010000111
1111111101011101
1111111110011000
0000000010000100
1111111001100111
0000001000000101
0000010001101011
0000000110111010
0000001110101000
0000010100000001
0000010101101001
0000010000001110
0000001100110101
1111111111101100
1111110100010010
1111110000011111
1111111110000111
0000001111000001
1111110011010000
1111101110000100
1111101001010011
1111111000001011
0000000100011101
1111110100000000
0000001111110001
1111110011110100
1111111011000001
1111111111000010
0000001010101011
0000001011001110
0000001111111111
1111111100110101
0000000010001100
1111110111110100
0000000101101010
0000001111001010
0000000111100010
0000001000110000
0000010011111001
0000010011110000
0000001000010000
0000000110101011
1111111110111110
0000001011101010
0000000111100101
0000001110011111
1111110001010101
1111111011011000
1111110011100010
1111110100100101
1111111111001100
0000000000000101
1111110000100111
1111111101000100
1111111010111000
0000001111010110
0000010101010011
0000000000001010
0000000111101000
0000000000001110
1111111110100010
1111111010101000
1111111100101001
1111110111110000
1111111111100010
0000000010001101
0000010001001010
0000001101111011
0000000101010000
0000001101100100
0000001111011010
1111110010101010
0000001110010111
0000001110111010
0000000011001111
1111110101111111
0000000101010011
0000000001001010
1111110011011100
0000001001011101
1111111011011011
1111111010011010
1111111101011100
0000010000110101
0000011001000111
0000000101101101
1111111110001110
1111111100100010
1111110111001100
1111110100111000
1111110100000111
1111100001011110
1111111000100111
1111111001010100
1111111111110110
0000000101100010
0000001100111011
1111111001001110
0000001000010001
1111110000111101
0000000000010011
0000001100001111
1111110110100101
1111111000010010
1111110010100101
1111110010011111
0000000101111110
0000000010101010
0000000100101011
1111111001010010
0000000011100000
0000010000110001
0000001011010111
0000000010011110
0000000001111011
1111101101111100
1111011111111111
1111011110001011
1111100011010011
1111110101110111
1111111010000110
1111111111001001
1111111011101110
1111110101000100
1111110100000010
0000001001101001
1111111100010001
0000001010010101
1111110000011110
0000000101111001
0000001000111000
1111111110001001
1111110001000110
0000000100111010
1111110011001010
1111110110101100
1111111000111001
0000001101011101
1111111010000001
0000000000111011
0000000111101000
1111111101001101
0000000010101000
0000000001110011
1111110001001101
1111110010110010
1111101110110110
1111101010110011
1111101000100011
0000000100111010
1111110001110100
0000001100110010
1111111011011110
1111110001001101
0000001010001010
0000000010010100
1111111101100111
0000000001000000
0000000110000011
1111110011101001
0000001001100010
1111110111101100
0000000100011000
1111111001100000
1111110010111111
1111110010110011
1111111011111000
1111110101001001
1111110100011101
0000000001001111
1111111001110011
1111110100001001
1111111101110010
1111101011000000
1111110001111111
1111111001000110
1111110111010000
1111110000010100
1111111011011010
0000000010010001
0000000010100110
0000000000111101
0000001001100011
1111111100111001
0000001001000110
0000000010011000
0000000111110000
0000001101000001
0000010001011000
0000001100001111
0000000101010000
1111111111000010
1111111001001111
1111111101110001
0000000001011111
1111101100100010
1111111110000001
1111110100111111
1111111010110000
0000001001111001
1111111010111011
0000000011101011
1111110110011101
1111111100101011
1111101110001000
1111111011000010
0000000011110110
0000001100110000
0000001100001100
1111110011011111
0000001110000100
1111111101101011
0000000111111110
1111111011111100
0000001011010010
0000000011010110
0000001010101111
0000000001010001
0000001011111011
0000001001001000
1111110110100100
1111110001100110
0000000110101000
1111111011011110
0000000010111010
0000000100110001
0000000100111011
1111110001101111
0000000010101000
1111111110011011
1111111001110000
1111101101001101
1111111000011111
0000000000100111
1111111100001100
1111110100010010
0000000101111011
1111110010000010
0000001110101010
0000001111011101
1111111100001100
1111110100001001
1111111011011010
1111110011011110
0000000010100000
1111111011010101
1111111101001011
0000001111011011
1111111101010111
0000010001000001
1111111111000111
0000000100110011
1111110001101010
0000000000100010
1111111110011111
1111111011000011
0000000010101000
1111110110011001
1111101100010001
0000000000100000
1111110010001010
1111110101001011
0000000111000000
1111110101111110
0000001011000010
0000000111000100
1111110000011001
1111110001010100
0000000011001000
0000001000000100
1111111110000100
0000001101001100
0000000101010000
1111111111111101
1111111110000010
0000000011001100
0000000010000011
0000000110000100
1111111100111010
1111111110101111
0000001000001000
1111111100010100
0000000010101011
0000001011010110
0000001100011000
0000001010101010
1111110110010011
1111110011000000
0000001001110101
1111111010110011
1111111100101010
1111111101001000
0000000010011110
1111111110011010
0000001010101101
1111111000111111
0000000001111011
0000001101101011
0000001100011101
1111110100001010
1111111000101001
1111111001011000
1111111010100110
1111110100010010
1111111001010100
0000000010000000
1111110100101000
1111110111101001
1111111111000010
0000001110110100
0000000111101000
0000000101011011
0000001010100110
1111110010010101
0000000101101010
0000000000001111
0000001101100001
0000000011100100
0000000010011110
1111111010011111
0000000010110100
1111111110111100
0000001100000011
