1111111001011011
0000001000100010
1111111010001101
1111111110010101
0000000100011011
0000001111011111
0000001010100011
0000000110110011
0000000001101011
1111111011110010
0000000101111010
1111111001100101
1111110101111010
1111110111010000
1111111100000110
1111110000011100
0000000110011111
1111110101101001
1111110001001100
0000000010000110
0000000010100001
1111111101100111
1111111001110100
0000001110100000
1111111110010100
0000001111000011
0000001010011100
1111110111110100
0000001110101101
0000001011001000
1111111111000101
1111111111000101
1111110011000010
1111110011011110
0000000100100110
0000001011100101
1111110011100010
0000000011010110
1111111011101101
0000000001010100
0000001110011010
0000010000101110
0000000101110001
0000001110110001
0000001110010000
1111111000110101
1111110100100111
0000000011100110
0000001011110000
0000001110011110
1111110110100001
1111111110011111
1111110000111110
1111110001111110
0000001000010100
1111110100000011
1111111110010111
0000001100110011
0000001110010101
1111111000010100
1111110011001101
0000000100100000
1111111010110111
0000001111111110
0000001100011101
1111111101010001
1111111100011010
1111111101111111
0000000110011001
1111111100110010
0000000011001011
1111110111101111
1111111010100001
1111111001010101
0000000011111001
1111111101000111
1111111010010111
1111110100010011
1111110110100111
1111111000101110
0000000101011010
1111111011111111
0000001010011011
1111111010011101
1111110101000100
1111110010001010
1111111110111011
0000001111010111
1111110010011001
1111111011101111
1111111010000011
0000001010110000
1111110111000100
0000010001000101
0000011010111111
0000000101010101
0000000010110000
0000011110011110
0000001010001000
0000010001001011
1111111010010011
0000000110000111
0000000101110101
0000001001110110
0000000100111001
0000000000100000
0000000100111001
1111110100010110
1111110101001110
0000000000000010
1111110110001111
1111111110111100
1111110010011100
0000001011000101
0000000100100010
1111111000110100
1111110011110010
1111111001010111
1111111111110100
0000001011101100
0000000111101011
1111111100110110
0000010000011011
1111111011010011
1111111110101101
1111111111101101
0000000001100000
0000000111000101
1111111111100100
1111110001000110
0000001111101001
1111110111011011
0000001000110101
0000001011000011
1111111111011010
1111101011110100
0000001011101101
0000001011101011
0000001000100011
1111111111011010
1111110011010001
1111111110011001
1111110100111010
0000001000101010
0000000010110110
1111110101101000
0000000101010000
0000000101111100
1111110011000111
1111110010110010
1111110110010110
0000000000011000
0000010000000110
1111111010010101
0000001101111101
1111111111001101
0000000101011101
0000001001011101
0000001101011011
0000000001001100
0000000000110100
1111110110100000
1111110110100110
1111110000011001
0000001000010101
1111101111101110
0000001101010101
0000001101110011
1111110110111000
0000001011111010
0000001101000010
1111111000001001
1111111000011111
1111101010010010
1111101101011011
0000000001001110
1111111110011010
0000000010001000
1111111000111110
1111110010100100
0000000000100111
1111101111101011
0000000001011111
1111110111111010
1111111100100001
1111111111010010
1111101000011101
1111101110001101
1111111010100010
1111111001111110
1111110110001100
1111101101011000
1111111001110010
1111111010001111
0000000111000110
0000000101001110
0000001000101001
1111110010100001
1111111000001110
1111110100000111
0000000011101011
1111110101110100
1111110010100001
1111110001111111
0000001001110101
0000000101001000
1111110110001101
0000000001110001
1111111100011111
1111110110110010
1111101000011000
0000000000001111
1111111010011111
1111101001111010
1111110100100001
1111110010100001
1111110000000000
1111110010000000
1111110001111001
1111101111010101
1111101101000100
1111101100000111
0000000001100010
1111110100111111
0000001010100000
1111110101011101
0000001001100011
0000001000101111
1111110101110110
1111111001001111
0000000110001010
0000001001001100
1111111110101100
0000000100011101
0000000101110010
0000001000101010
1111110100110011
1111111111110000
1111110011110000
1111101111100110
1111100110011001
1111111100011101
1111101111001111
1111101111110101
0000000011111101
1111110001001100
0000000000001100
1111110101111100
1111110010110011
1111111111100111
0000001001000100
0000001000100001
0000001101110110
1111111000011000
1111111001111011
0000001001010000
0000000011111111
0000001000010110
1111110110000101
1111111100100001
0000001111111011
0000000011101010
0000001001001010
1111111101100001
0000000011100110
1111111111001110
1111111011010110
1111110100111110
1111100110011101
1111100110100111
1111111001111000
1111101000111110
1111111001010001
0000000000101010
0000000000011000
1111110000001000
1111101100011101
1111110110100001
1111110001111101
0000001000000000
0000000110010001
1111110010111101
0000001101010001
0000000011101111
1111101111101101
0000000011111000
1111111111110010
1111111001010110
0000011000011001
0000000100110000
0000001000111100
0000001111001100
0000000000011100
0000000001101011
0000001111100111
1111101101001110
1111111001100001
1111101110011101
1111110101110101
1111111000010100
1111100001100100
0000000000011000
1111111111100111
1111110110010010
1111100111100010
0000000111011111
0000000100010010
0000001000001100
0000000100100110
1111110101100100
1111111110001011
1111111000001000
0000000001001111
1111110110000010
1111111001100010
1111111011110011
1111110100111101
0000000011100111
0000001010011000
1111111100000101
1111111111010100
1111111101111111
1111111101010011
1111110110000111
1111110011101100
1111100000111110
1111100111111101
1111111001011001
1111101111101101
0000001001001111
0000010001101100
0000000100001101
0000000101101011
0000000001111100
1111111100011111
0000001000010010
0000001011100110
1111111101001110
1111111001010011
0000000000100110
1111111011101011
1111110100000010
1111101011011100
0000000000110000
1111110000001100
1111111010110111
1111110011011100
1111101000101100
1111101011110000
1111110000110000
0000000001101010
0000000100001011
1111111101001001
1111111110001110
1111111000100000
0000000001110001
0000001011010111
0000001101101011
0000010001001110
0000010000110101
0000001000101010
0000001101010010
0000000110111100
1111111101010010
0000001100100000
1111111111011001
0000001001101011
1111111110111101
0000000100100000
1111110001011011
1111101100100111
1111110010110011
1111100110110001
1111110011101100
1111101011110010
1111101110111111
1111111101010000
1111111000011011
0000001100100101
0000000110001111
0000001001100111
1111111010100111
0000001000111101
0000000000000101
1111110110110010
0000001010011010
0000000011011000
0000011010000011
0000001111100001
0000001111010100
0000001111001001
0000001110010001
1111110101100011
0000001101010101
0000000110100110
1111111100100001
1111110100110101
1111101001000010
1111110010001110
0000000001000001
1111110101011110
1111101100111011
1111101010110000
1111101111010100
1111100011011111
0000000011010011
0000000000010011
0000001100011111
0000000101001110
1111111011110100
1111110010101101
1111111100110101
0000000001110011
0000001101111101
1111111101000011
1111111111100100
1111110100011010
0000001100111100
1111110111110011
0000001001111001
1111110111101101
0000001110000111
1111111110000100
0000001101110011
0000000001101111
0000000011000001
1111101111010111
1111110011011100
1111110010010000
1111110010111111
1111101101110001
0000001010001011
1111111100010011
0000001110000011
0000010001010110
0000001010010010
0000000000101001
1111110011110011
1111111011101011
1111101110100010
1111100101001001
1111111000100001
0000000100010001
0000000000011000
0000000110010101
0000001000010010
1111111010111111
0000001000000101
0000000110100110
1111111000001101
0000001010000110
1111110011101010
0000000100001110
1111111110101111
1111110101010010
1111111101010011
1111111011111111
0000001110000110
0000000001111010
0000011001110101
0000010000001101
0000001001011011
0000000111110010
0000011000001011
1111110100100111
1111110011110000
1111110001110111
1111101110011010
1111101111000010
1111111001111111
0000001011100111
0000000010111111
0000010110010111
0000000011110001
0000000001110110
0000000011000101
0000000011000001
0000000001010000
1111110101000010
0000001001110010
1111110001010111
0000000100001001
0000001011010011
1111111001000000
1111111101100100
0000001010111000
0000010010001010
0000001110010101
0000000110011000
0000000111110010
0000010100111011
1111111010110010
0000000000101100
1111111101001001
1111101110101100
0000000010111111
1111110001000110
0000000100101001
0000000001110101
0000010100010100
0000000101001101
0000000101101111
0000010000111001
0000001101001111
1111111000111101
1111111010101000
0000000110100100
1111111100110011
1111101111101101
1111110111010101
1111111010000101
1111110110010010
1111111010110101
1111111111101100
0000101000011011
0000010001100101
0000011100000110
0000000110101111
0000010101011111
0000001000011010
1111111100001001
1111111010011011
0000000000011100
0000001011001010
0000001010101000
1111101010101100
1111110101101100
0000000111101110
0000000111000000
0000000010000000
1111110111101011
0000001101011001
0000001001111011
0000000010101001
0000001100110100
0000001001110101
1111111000101111
0000000011010001
1111110001101110
1111101011100001
1111111001111010
0000010011100010
0000011110001110
0000011000001010
0000011001000001
0000010011100010
0000001001110000
0000001011100001
0000001101011001
1111111000011101
0000000111001000
1111110100010001
0000001001101110
1111110110001000
1111111111010011
0000010000111111
1111111111101101
1111110101010110
0000000011010100
1111110001010100
1111111010010111
1111110000111001
1111110101110010
1111111001010011
0000000111000111
1111111000110010
0000000101011100
0000000101110010
0000001010010000
0000011011010010
0000001010000010
0000011011101001
0000001110011100
0000000101110000
0000000001011111
0000000110100110
0000000101110001
0000001100100110
1111111110010001
1111111101110000
1111111000011101
1111111010100011
0000001000100111
0000000111010011
0000010001111000
0000001110011111
1111111100100111
1111110011100010
1111110001001110
0000000000100101
0000000101011000
0000000011110101
1111110101001001
0000001111100100
0000001011010001
1111111100110010
1111111011111101
0000000010110111
0000010010000100
0000010100010101
0000000000011100
0000010001110111
0000001000101000
0000001010111111
1111110100110110
0000001110100100
0000001011010111
1111111010100000
1111110010110111
0000000000100110
0000000000011100
0000000101010111
0000000010001101
1111111110011110
0000000001101111
1111110000011010
0000001000100110
0000000000110110
1111110001100110
0000000111000000
1111111111011011
1111111100110010
0000000001101100
1111111011011011
0000001001011110
1111110010001101
0000001010010100
1111111111111011
0000000110101100
1111111100010000
1111111110100100
1111111101011110
0000000100111111
0000001111000111
0000001010100101
0000000000011011
0000001110011101
0000010011001010
1111111110110010
0000000000001100
1111111000001100
0000000111111011
0000001010010111
0000001100101000
0000000001101010
1111111101011111
1111111101011011
1111110110011100
0000000010010001
1111111000110110
1111110011010011
0000000100001001
1111110110010001
0000001000001111
1111110110010001
1111111101110010
0000000111110011
0000000100001111
0000000010111111
0000001111010100
0000001010100001
1111111011010110
0000000100111000
0000010100100111
0000000011010110
0000010010010010
0000000111100100
1111110001010010
0000000010010110
1111111111001010
1111110111010100
0000001000101101
0000001000001001
1111110110100110
1111111101001000
0000000110111100
1111111000000000
1111111010011101
1111111111011100
1111110110101010
0000000001100110
0000000010101000
1111110000110010
1111111101101110
0000000110101101
0000001001101101
1111111011010111
0000001000011001
0000000110101110
1111111001011100
0000000000101110
1111111110010101
1111101111100100
1111111111111101
0000000010110111
1111110001101111
0000001001100010
0000001100100110
1111110011011101
1111111110000100
0000001011000101
0000000110001001
0000000001000100
0000000101001001
0000001000100000
1111110111011001
1111110110101101
1111101011101101
1111110000000000
1111101111011000
1111110011100110
1111100110011111
1111101101001110
1111101010011001
0000000000011010
1111111100111110
1111101000010010
0000000111011001
1111110001101010
0000000011110111
1111101111100100
0000001000100000
1111110000001100
0000000100001001
0000000101000110
1111110010111010
1111110110001100
1111110110011111
1111111001011110
1111111110100101
0000000100011101
1111110011110100
1111111111100011
0000000111111010
0000000011011000
0000001001001000
1111110011010001
1111111110010011
1111111101101011
1111110000000100
0000000010110110
0000000100100000
0000000110110100
1111111111001011
0000001000000111
1111111110000001
0000000111011101
0000000001001110
1111111001011010
0000001011101110
0000000001011110
1111111000000010
1111111010100100
0000001100011110
1111110101000011
0000001010010100
0000001111010010
1111111100101010
0000000111110011
0000000010101101
0000001111011111
1111111110101001
1111111111111111
1111110011111000
0000001001110110
0000001011101100
1111110111101110
0000000111101101
0000001100011101
0000001001101010
1111110111111011
1111110110111011
1111110011000000
0000001101011001
1111110101101110
0000001001100100
0000000001101001
1111111100111011
0000001110000110
1111111001101010
0000000111011010
0000001011000110
0000001101011100
0000000000110100
