1111110100010110
0000001101100101
0000000011110010
1111111111111000
1111110000101011
1111111111111001
1111111001100101
0000001100110111
0000001011011100
1111110001011000
1111111110001001
0000001101100100
1111111010010101
1111110101111100
0000001001111100
1111111011100111
0000001100111010
1111111010100110
1111110001010101
0000000001110110
1111111110101010
1111111011010111
0000000000001110
0000001110010100
1111110001110010
0000000000000010
1111111100111011
1111111100110111
1111110010001111
1111110000111100
0000000100000011
1111111000100101
0000001011101000
1111110100100001
1111110011011011
1111111101000000
0000001001110111
0000001100000110
1111110001111011
0000001110011010
0000001011011101
1111110011110010
0000001001011001
1111111001100001
0000001100000001
1111110001101001
0000001111100101
0000000011100000
1111110101010000
1111111000111001
0000001001000011
1111110100110001
0000000111011100
1111110110100000
0000000100010111
1111111001100000
1111111100010100
0000000100100001
1111110111110101
1111111010010100
1111110111011011
1111111101000101
0000001100110101
0000001101100101
1111110101010110
1111110110000010
1111110010101010
1111110111100010
1111111111011111
1111110000001001
1111110111001101
1111101001110110
1111111000000100
1111110101101110
0000000101100100
1111101100000100
0000000101111101
1111101111000111
0000001000011010
0000000011001101
0000000011110000
0000001111000000
1111111011111001
0000000011111010
1111110011010101
0000000010100100
1111110010100100
0000001001001111
0000000111011100
1111110000101110
1111110010010110
1111110101110101
0000001001000100
0000000100110001
0000000101101000
0000000010111100
1111110001111010
1111101010011010
0000000010011101
1111101001111101
0000000000101100
1111101011011011
1111110101010101
1111111101011110
1111101110111011
1111101100010010
0000000001000010
1111110011110100
0000000110010001
1111110001110000
1111110001011001
0000000111110111
1111111001010100
0000000000111001
0000001000000011
1111110001101000
1111111110010101
1111110111111111
1111110010100001
0000000001000110
1111110110010110
1111110000110010
0000000110000110
1111110010010101
1111110110000001
0000000000010101
1111111000011001
1111110100110100
1111111011111000
1111101101111111
1111111100110001
1111111110110011
0000001000110010
1111110100111100
1111111001000001
1111110011101110
1111110011010000
0000000111111110
0000001001111101
0000001011000110
0000001010100111
1111111101100110
1111110001110010
0000001001000101
0000000001111011
0000000100010011
1111110100011000
1111111111101101
1111111111000110
1111101100110000
1111110101010010
1111111100110010
0000000001100010
1111111110100110
0000000101011100
1111111100110110
0000001011100000
1111111100100111
0000000001011011
0000000100000000
0000000100010010
0000000000000111
0000000000000110
1111110011011101
1111111010001001
0000000010100100
0000000010001011
1111110010100101
0000001100010000
0000000001111111
1111110011100011
0000001010001001
1111111100100111
0000000110010000
0000001010011111
1111101100111000
1111101111100110
1111101110101001
0000000010101010
0000000000000000
0000000001011001
1111111011110011
0000000001111000
0000000111100010
1111111110010101
0000000011010001
0000001011110110
0000000110100101
0000000001100101
0000000000010110
1111111010110100
0000000110111100
1111101111001000
1111110100111011
0000000111001000
1111111010111001
0000001001000111
1111111110010100
1111111111000101
1111110001100110
1111111111001111
1111110011000010
0000001000011100
1111111010000010
1111111111110101
0000000100010001
1111111111011111
0000000000111111
1111111011101011
0000001100011110
1111111110000111
1111111101000010
1111111111100101
0000000111110001
1111111101101101
0000001100011111
0000000000101101
1111111010101001
0000000100001001
1111111110100100
1111110100101100
1111111011100111
1111111000101100
0000001010000001
0000000111011101
1111110010110011
0000001100011100
0000000000111000
0000000101100100
1111111110100101
0000000011010010
1111111011100010
1111111001000101
1111111011110100
1111111100010010
0000001001100000
1111110000000110
1111110000100000
0000000010101111
0000001011001101
0000001011010100
1111111110111011
0000000001011000
0000000110101011
1111111101110111
1111111100001100
0000000111110001
1111111101000111
1111110110010001
1111101011011111
0000000110100100
0000000001011001
0000001100011100
1111111011110000
1111111001101011
0000010000111101
0000001011110110
0000001111110010
1111110011010101
1111110101011011
0000000011110001
1111111111101010
0000000100110101
1111110010110010
1111111110010100
0000000010111011
1111111110000010
1111111110101000
0000001111010011
0000010010000100
0000001011010101
0000001011001110
0000010000101110
0000001000010100
1111111000100111
0000010000010010
1111111001010100
1111110101000100
0000001000101111
0000000001001001
1111110011110011
1111110011100110
0000001111000011
0000001110001000
1111111001001110
0000001000000001
0000001001000100
1111111100100110
1111101111101100
0000000100110001
1111111010110010
0000000100011101
0000000100010111
1111110000111011
1111101000001100
1111111001000011
0000000100110000
1111111001111100
0000001111101100
0000010000110011
0000001101110011
0000001001100101
0000010101001101
0000001011011001
1111110111010101
1111100111011110
1111111001001000
1111111001111110
1111111001111001
0000001000110000
0000001010100010
0000000111011110
1111111011000000
0000000001010100
0000000110001010
0000010100100010
1111111011100001
1111111110100000
1111111001000111
0000000000011100
1111111110000110
1111111101110001
1111110011100111
1111100101111001
1111101010000100
1111110100010101
0000000001000111
0000001010010111
0000001111111011
0000011101110101
0000100011101010
0000011001100111
0000010101000111
0000000000100010
1111101111000110
0000001000101001
1111110110010100
0000000100010100
0000000001010011
0000000010010000
1111111110011101
1111111110100000
0000010011011111
0000001000100000
0000001001010001
0000001010011111
1111110101111011
0000000101000000
0000000110011011
1111110011011111
1111101011000101
1111101111100100
1111010111110011
1111111111000011
0000000101110000
0000010101000100
0000000010000101
0000011011101001
0000001100111111
0000010111000000
0000010011010011
0000001100111010
0000000101100101
0000000100001011
0000000000011101
0000001010111111
1111110111111101
0000001000101001
0000010001111101
0000010110101011
0000001111101101
0000001011110110
0000000000101010
1111110011010101
0000010001101001
1111111110010000
0000001001101110
1111111101010101
1111101001110000
1111011110001100
1111100110011001
1111111101001011
0000010110100101
0000000001000010
0000010000010010
0000000101001101
0000010001101110
1111111111000000
1111110010100110
0000000001100000
0000000001000001
0000000010001011
1111111010001010
0000000110010100
0000001110111110
1111110111111110
1111111111010101
0000010010100101
0000000000111101
0000001111010111
0000000011001100
0000001010100001
1111111101101111
1111111100100001
0000000001100101
1111101110100010
1111100100001111
1111010000000111
1111100001101001
0000001001111000
0000001001101111
1111111010011101
1111111100011101
0000000010101100
1111110101110010
1111111111000000
0000001101010110
0000001000111010
1111111100100010
1111110001110101
1111110000011110
1111111010011100
1111110011000111
0000001100010111
0000010100111101
0000001101100000
1111111011110000
0000010011001000
0000010110000001
1111111101000010
0000010101010110
0000000110100101
0000000010111100
1111011000100011
1111010100101110
1111101000101100
1111100111010001
0000000110110100
1111111111101100
0000000001111000
0000000010110011
0000001100100110
0000000101001110
1111111000111100
0000001000100011
1111111010101011
0000000101111101
0000000110011001
1111110010100000
1111110001110101
1111110010010101
1111110011100000
1111111111110111
0000000100110011
0000010001001101
0000001011101000
0000001110101001
0000000110001111
0000001011111110
0000000001101110
1111101101001101
1111011100010111
1111010011101100
1111101100000010
0000000000011000
0000000001101101
0000001101100100
1111110001100011
0000001000011110
0000000010000100
0000001111110001
0000000100110001
1111111100011110
1111110000011100
1111110000100000
0000000101001000
0000001100101011
1111110111011101
0000000001000011
1111110001010100
1111110011100100
1111111111110000
0000001101001111
0000001000110010
0000010110001001
1111111111000101
0000001111110101
0000000100011111
1111100011000000
1111010010011111
1111011001010100
1111111111011100
0000001010000111
0000001000010110
0000000001010010
0000000110011101
1111111011101111
1111110111100011
0000000110011111
1111111111100101
1111110111100100
1111110000101100
1111110000101010
0000000000010101
0000000000101110
0000001000011110
0000001001011101
1111101100010010
1111111100101001
0000000100110011
1111110001001000
0000000111000101
0000001101100110
0000001010011001
0000001111001010
1111111101110000
1111100101001111
1111010010100011
1111110110001101
1111110010010001
0000000000000000
1111111100101111
1111110100100111
1111111110010100
1111111100101011
1111111001011001
1111110010111011
1111101001011000
1111110110111001
1111110010110101
1111110110110001
1111110101110000
1111110100101000
0000001011011001
0000000001101000
1111111110001001
0000000000011100
1111111101011011
0000000001001000
1111111001110111
1111110010011110
1111111111110010
0000000100011100
0000001000110101
1111101111110111
1111101101111100
1111111001111010
1111111111100011
0000000101001000
0000000000010001
1111110100010011
1111111100110101
0000000100100000
1111111001100110
0000001010001011
1111111101011000
1111111110101011
0000001011000110
0000000110001100
0000001001100001
1111111100101011
1111110101111100
0000001110010000
1111110000101001
1111101010000001
0000000101100001
1111110101000011
0000000011111101
1111110110001011
1111110101110001
1111111000111100
0000001001101011
1111111110010010
1111101110110110
1111111110111010
1111111111111001
0000000000100001
0000001000110101
1111111001010001
1111100100110011
1111110001001110
0000000100101110
1111111110110001
1111101101000111
1111101101011101
0000001001110100
0000001101100000
0000000101100001
0000001001000000
1111110110101000
0000001110110010
0000000011010111
1111110101000000
0000000100001011
0000000000111010
1111111011011110
1111111010100111
1111110011110101
0000000100001001
0000000001111000
0000010010000110
1111111111011011
0000000100111001
1111111101000010
1111111101111110
0000000000101100
0000000100001001
0000000000101110
0000001001011100
1111110101000011
0000000000011000
1111110100010001
1111110001101011
0000000000100001
0000001011110010
1111110111110100
0000000111010010
0000001111100101
1111111011111100
1111110001000010
1111111001110101
1111111101100111
1111110010101100
1111111111011000
0000000111110101
1111111000000010
1111111001010111
0000001101001100
1111111110101000
1111111101000001
0000000101110000
1111111101110001
1111111001011100
1111111110001101
1111110010111011
1111110010110101
1111110000111000
1111111111010010
0000000111001101
0000001101001010
0000000000001011
0000000101011010
0000000100110100
1111111001011010
0000000100101100
1111110010111001
1111110011010110
0000000101001100
0000000000110001
1111111111011010
1111110111101101
0000000100100000
1111110100111110
1111110011001011
0000010010001001
0000000010101100
0000000010011110
0000001000001010
0000001100011001
0000001101001111
1111111011011101
0000000101001111
0000000000100010
1111111011010011
1111110000011010
1111111101010001
1111111000111100
0000000110101110
1111111101001100
1111110000101000
1111110000111010
1111110111000110
1111110110000010
1111111101110110
0000000010101101
1111111010111010
1111110100000011
1111111011011000
0000000000111010
1111111111000111
0000000010001111
0000000110111011
1111110101101001
1111110101010100
0000000000000000
1111110001000011
0000000111001100
0000000001011111
0000000001010011
1111110101101011
1111110110010101
1111111011100010
1111110100101011
1111110110110111
0000001111101011
1111111001011011
1111110010110011
1111110111000000
0000001001100011
0000001011011101
0000001001110001
1111110110111011
1111110010011101
1111111000011110
1111111111000110
0000001001110001
1111110011010011
1111111010111001
0000001001111010
1111101111011011
1111110001010101
1111110111000101
0000000101000111
1111101110100101
1111110001111110
0000001011110111
1111110101111011
0000000001001100
1111111111110010
0000000010000111
0000001101101010
0000001110100110
1111111001111011
0000001111001101
1111110100001000
1111110010100010
1111111011000000
0000001100110000
1111110000100011
0000000011001000
1111111011010000
1111110010111011
0000000001011011
0000001001000011
1111110011100000
1111111110100001
1111111111010010
1111111000011101
1111110111101100
0000000101011010
0000001010011111
1111110111111101
0000001101100001
0000001011111000
1111111101100001
0000001000000110
0000001001001111
1111111010001101
1111110100110001
1111110101010010
0000000101111001
1111111001010101
1111111011110001
0000000010010010
0000001010100101
1111111000000110
0000001000011100
1111110101001010
0000001010100001
1111111110010010
1111111001011100
1111110011001110
0000000011000110
1111111011101011
0000001000000111
1111111001000110
1111111000011100
1111111011010000
0000001110001111
0000001011011001
0000000101011010
0000000111000111
1111111110000111
0000001000100011
0000001001000100
1111111011001001
1111111010001101
1111111000000111
1111110110010100
1111111110001100
1111111100111001
0000000001001111
1111110101001101
1111111011010000
