1111111110101111
1111110001001000
1111111011000001
0000000010101000
1111110111101111
0000000101011100
0000001000000101
1111111000001101
0000001000110010
0000001000001110
0000001100001111
1111111101111111
1111111101001000
0000001011001000
1111110110010011
1111111010100010
0000001010000010
0000000001101001
0000000010111010
1111111111011000
1111110011001000
1111110111011000
1111111101111001
0000001110100110
1111110100100010
1111111001001011
1111110000100101
1111111100100100
0000001100110110
1111111000010110
0000001110011111
0000000000011001
1111110000110100
1111111101000001
0000001010011100
0000000110111010
0000001010001010
0000001000111110
1111110110011100
0000000100011101
1111111010000001
0000001011100100
1111110001111110
0000001010111111
1111110110001000
0000001111101101
1111110001100101
0000000101000111
1111110111010100
0000000001100101
0000000110011011
1111111110001000
0000001010111110
1111110011010001
1111111000011111
0000000111010010
0000001100110001
1111110110011001
0000000111101001
0000000011000111
1111111110110110
0000001011101101
0000000111110011
1111111010001110
0000001111001101
1111111101111100
0000000100100001
0000000000110011
0000001101100110
0000001100111011
0000000100111111
1111111110000001
1111101110110111
0000001100010101
0000000000111110
1111111001001000
1111110111001101
0000000111100001
1111111101111001
0000000101110100
1111110100111111
1111110101001011
1111111000010110
0000001011010001
1111111101110001
1111111101010011
1111110011101100
1111110101001001
1111111000001111
0000000111110001
1111110110110000
1111110010100010
1111111100001101
0000000100000110
0000001010011110
1111110001110011
0000000110101110
1111110110110011
1111111100111101
1111111111000100
1111110100101110
0000001100011110
0000001000001100
1111110011110100
1111110111101011
1111111000010011
1111110000001001
1111111000010101
1111111001011110
1111111100011111
1111111000011010
0000001011101011
1111110001000111
0000001000010011
1111111000111100
0000001011101111
0000001101100000
1111110111100011
1111110101011111
0000000011110110
0000000110110100
1111110110111000
0000001001001010
0000001011000010
0000000110111110
1111110011101100
0000000110101011
1111111100000101
0000001010101100
0000000110011001
0000000010101101
0000001001100110
0000000111000010
0000000000011000
0000001001000111
0000000001010101
1111110100111000
0000001010111010
0000001001100110
0000000000011100
0000000000111111
0000001111010110
1111110011010000
0000000100101100
1111111000010100
0000000010100101
0000000001111010
1111111101011001
0000000000001010
0000000010100001
1111110111100111
0000000111010010
1111111111010011
1111111100101111
1111111100110101
1111110101010001
1111111101100000
0000000001011100
1111110101101101
0000000100101001
1111110001111000
1111110010100000
0000000111110011
1111110111111101
1111111000010100
0000000001110111
0000001100100111
1111110111110110
1111110000111001
0000000001110111
0000001101011110
1111111100101000
0000001110110110
0000001010110100
1111110011000000
1111111101010110
1111111011011110
1111110101101011
0000000100001110
1111111110101100
1111111000001011
0000000111011010
1111101110101001
1111110110011001
1111111001111100
1111111110111100
1111110001001010
1111111110100101
1111110111011001
1111111101111100
1111110110011001
0000000100011010
1111110010000110
1111111100001100
0000000110111101
0000000011011011
1111110010101110
0000000111000100
0000001101111100
0000001111101000
0000000000111101
1111111000111110
0000000001111101
0000001101010101
0000001001100000
1111110100010100
1111111001110000
1111111111010011
1111101110011000
1111111110000010
1111100111010000
1111110101010110
1111101101100110
1111111000101110
1111101101001110
1111110111111001
1111111010010101
0000000010010000
1111110101111101
0000001000011111
0000000100000100
1111111011100000
1111111110110000
0000000011100010
1111111010001011
0000000111111001
0000001011000011
0000001001111000
1111111001100011
0000010000111001
0000001010111100
0000000111001101
0000001000001101
0000000010000000
0000000010001110
0000000110101011
0000010000010000
1111110101110100
1111111100110111
0000001100000110
1111110011001110
0000000010101001
0000001100001010
1111111001000101
1111111101011011
1111111101101101
1111110011001101
1111111000101111
0000000101110110
0000000101000110
0000001110000001
0000001100010101
0000001111011001
1111111011110001
1111111110101110
0000001001001011
0000001111100000
0000010000011011
0000000011001101
0000000101101101
0000001010101010
0000001010001101
1111101111010101
1111111111110111
0000001101010110
0000001000110101
0000001001000110
0000010101010001
0000000101101011
0000000100111101
0000010100000011
0000010001011100
1111111000000000
0000010011000101
1111111011010010
0000000110010110
1111111001111100
1111110011111101
1111111110001101
1111111001010111
0000001010000000
1111110001110011
0000010000000000
0000001000000111
0000001010011000
0000010011110101
1111111111010011
1111111010010000
0000001010010101
0000000000100011
0000001101010111
1111111101100101
0000001100000110
0000011100101111
0000001011001001
1111111011001110
0000011001001010
0000000001110000
0000000100101101
0000001110111111
0000010011101100
0000000000111000
0000000110011010
0000000011100100
1111111101001101
1111110110111011
1111110110010111
0000000110100011
1111111000100001
1111111001001100
0000001100100001
0000010110010100
0000010000101011
1111111111001011
0000000110110110
1111111110001000
1111111011001000
0000010001001010
0000000111110011
0000000001001010
0000011010010000
0000011110101010
1111111110011101
0000000011101100
0000000101001000
1111111111111101
0000001110000100
0000010011110101
0000000100011111
0000000110000011
1111111000100011
1111110011010010
1111111010000010
0000000100011111
0000001101101111
0000001110000001
0000000101010101
0000000101010100
1111111001011011
0000001000111001
1111111011011111
0000001110000000
1111110011001000
0000001001011000
0000011000100100
0000001101100000
1111111011011101
0000010100110001
1111110011001101
1111100010100100
1111110111111010
1111100110011110
0000000001111100
0000000001110010
0000001101111101
1111101011111111
1111111010111100
0000000111111100
1111111111100001
0000000001100110
0000000011100010
0000000010100111
1111110101010111
1111110001111100
0000000111010110
1111110111110010
0000000001101001
1111111011001111
1111111000011110
0000000011101010
0000000100110111
1111111111111100
0000000000001001
0000000001111000
0000001000001000
1111101000000111
1111110000001001
1111011000101001
1111111010010100
1111110010010110
1111111101011101
0000000111111110
1111111100101011
1111101011110110
1111110011011111
1111110001110110
0000000110100011
0000001011000101
0000001111101111
1111111010001101
1111111111100111
1111111000010011
0000000111101110
0000000111100011
1111111111101001
0000001110110101
1111110110000111
1111111100110000
1111111100001111
1111110001111010
0000000000011111
1111111111011000
1111110011000010
1111110010111100
1111100010001111
1111100001000101
1111101001000011
1111110010011011
1111110101101000
1111110010101010
0000000111100100
0000000000010010
1111111110000100
1111111101101111
0000010000010111
0000001101110001
0000001110110111
0000000010111101
0000000101110001
1111111001101110
0000001011000101
0000000000111111
0000001011000110
1111110100100010
0000000101100101
1111110110000111
1111111010111011
0000001001110011
0000000010001011
0000000111000001
1111100110110000
1111011110110000
1111101011100101
1111100000111110
1111110110100000
1111110010000010
1111110111100100
1111110111001000
0000000110111110
0000001011011111
0000000101010101
0000001010111000
0000010000010111
0000001100000010
0000001101110001
1111110110010101
0000000101101010
0000000110110001
1111110001001101
0000001011011110
1111111101010000
1111110111100011
0000010000010011
1111101110100100
1111111101000011
1111110110000100
0000000101100001
1111100101100110
1111100111110110
1111101100011100
1111100100001001
1111101111100110
1111110000101110
0000000100101101
1111111010001001
0000000110101111
1111111110000000
0000001111101010
0000000010000000
0000000010010110
0000001110011000
0000000001110101
0000000000010000
0000000000011100
0000001111110110
0000000110001101
0000000011101001
0000001010111001
0000001000010011
1111111110101110
1111111011110010
0000000110100100
0000000000010011
1111110001101100
1111110010010001
1111110000101100
1111100001100001
1111011110110101
1111101000101001
1111100011011100
1111101001110010
1111101111100011
1111111010010010
0000000100100011
0000001100100111
0000010001100111
0000011000101100
1111111111001101
0000000110111110
0000001111111101
1111111101101101
0000000111010010
0000001110000100
1111111111010010
0000000001100101
0000001110001100
1111110100100000
1111111011100101
1111111110101101
0000001111101101
1111111011000010
0000000111000001
1111110100101111
1111110001010010
1111100111101010
1111111010000010
1111110111010001
1111111111110011
1111110100001100
1111101101101101
1111110111110100
0000001111100100
1111110101101010
1111111111000010
0000010011111100
0000000010100100
0000001011010001
1111101111100101
1111101111110101
0000000010110000
0000001110011110
0000001101100001
1111110101110000
0000000001100110
1111111110010111
0000000000000110
0000010000000101
1111111000110100
0000001001001100
0000000101100110
0000001000011111
0000010100010100
0000001100101000
0000000101010101
0000000001100110
0000010010001111
1111111101100111
1111110011010010
1111111101010001
0000010011000011
0000001101110000
0000000000110001
0000000001101111
1111110101101100
0000001001010000
0000000101011101
1111111000001011
1111110000100110
0000001110010100
0000000010011111
0000001001101101
1111110110101000
1111111000111101
1111111110001111
0000001101101000
0000001110010001
0000001101111010
0000001000100111
0000011110101101
0000011001011101
0000010001011001
0000001000100100
0000001000000001
0000010001001100
0000001000011011
0000000110010000
0000000011001100
1111111010010001
1111111011010010
0000000110110011
1111110000110010
0000000000111111
1111110100001111
1111110101111100
0000000011010100
0000000101010110
0000000111010111
1111110110110101
1111110010111110
0000000111100111
0000001000110101
0000001111000110
1111110010101000
0000000000010110
0000000101010100
0000000001011110
0000010000101011
0000001010111001
0000001001110100
0000010011011011
0000000010110100
0000001011010101
0000000100110111
0000000000000101
0000000010010010
1111111101010111
1111111000001000
1111110011100100
1111110011111101
0000001000111010
0000000110101011
0000001000110001
0000001010100110
1111111001001001
1111110001111001
1111110101001011
0000001101111111
1111111011101100
1111110001000100
1111111101010110
0000001011110100
1111110010101101
1111110010101111
0000001010000000
1111110010100111
0000000101101001
1111110111101010
0000000001001010
0000000011000111
1111110111101110
0000000101011110
0000000111101011
1111111110101100
0000001111111000
1111111010101100
0000000000101100
1111110001110110
1111101001010101
1111110110111010
1111111001011010
1111111010010010
1111110100100100
0000000001001010
0000000011111001
1111111100100000
1111111010011111
1111110000101000
0000001010101100
0000001001110111
1111110001011010
0000010001001000
1111110101011001
0000001001010110
1111111110001011
0000000001111111
0000000000011010
0000000011101101
0000000101000011
0000001101000001
0000001000001100
1111111111010100
0000000110100010
1111111110110111
1111111000110010
1111101110000011
1111111111010010
1111110101110001
1111101110101000
0000001110001011
1111111001001001
1111111011100000
1111110011010101
0000000100101001
1111110110110001
1111110111010111
1111111100001011
0000000100011000
1111111000001011
1111111111001000
1111110101010110
0000000000110011
1111111001101010
1111111111110011
1111111101111011
0000000010010100
0000000001000111
1111111110110000
1111110111110011
0000001000001100
1111110010001100
0000000000101100
1111111100010111
1111110101101110
1111101100110100
1111110100100111
1111111001101000
0000000101100110
1111111100101001
0000000101101100
0000001000101110
1111111011111100
1111111010111111
1111111110001101
0000001000100111
0000000011000100
0000001001101101
0000000100011010
1111110111000110
0000000001101000
0000001111000100
1111110100100101
1111111110000010
0000000101100001
1111111101001010
1111111011111011
0000000011110110
0000000000101111
0000000100110101
0000000010100111
0000001001110101
1111101100110100
1111111101010011
0000000010101010
0000001010100001
1111110100100111
0000001000001100
0000000101111100
1111110101011100
1111110010010111
1111110011010010
0000001111010001
1111111100100011
1111111110111100
1111111000011000
1111111111101110
1111110111111100
0000000100010100
1111110000110010
1111111101101100
0000000101110000
0000001100000110
0000000010100110
1111111111010000
1111111001111000
1111111000111101
0000000010000011
1111111011110001
0000001001011110
1111111011111001
0000001010011000
0000000101111000
1111111111100110
0000001001010110
0000001100100111
0000000111000010
1111110101110011
1111111100011000
1111110010011010
0000001110001101
1111111010011011
0000001111011011
0000001110001001
1111110011111101
0000000001110101
0000001100111000
1111111111001000
0000001010010111
1111111110111111
1111110010100001
0000010000000011
0000001000100111
1111110001101000
1111111100011111
0000000010000000
1111111111111010
0000000001110110
0000001100000011
1111111101001010
1111110000010111
1111110100101001
0000000001111000
1111111000100101
0000001100000001
0000001011110110
